"tliu18","cmwill28","jaballan","apgering","afranci","cmharri5","rjalexan","ajfelion","rabaraho","jwbober","xrao","skcoleba","jhpatel4","ncstone3","masultan","oaallan","acluck","lmphears","mdsirio","tmarche","hfernan","akothar3","aawatson","ncluther","dagarwa3","jmrodri2","stparham","dphall3","gaspillm","jbcarpe4","yzhan101","gghugh","jrodrig6","hmorris3","jjndon","tmoore2","arrohlof","ajgoins","cndrotor","skuloor","amshaikh","jchackim","mcphill3","dbadvel","dskenlin","kli11","mhalawa","lmtavare","gcwatts","nrsherr2","adevula","rhowlan","cbbhesan","kgwrigh2","tareddin","mrdowns","ndboard","pmocher","ccrainea","jipark","agdavis5","cnkeesee","aphuggin","pkamala","jmwhitta","tskropie","wjiang7","jwjenni2","racavan2","dpelliot","dsmonaza","akgarcia","anfisher","aaltaf","rjwoods4","ahchowdh","acantre","hrgoldin","crdurand","mklemons","jrticati","grbalsha","azrowe","pnholton","ltmcmill","pkamin","asuh","zyuan3","wjmeyers","razeitle","slgerald","swang41","kmpatel7","mjcanzia","rkjaouha","dpmoody","admaycoc","dhochst","jjravi","gkprufer","lbgesner","kdmidge2","jcwall","tsstuelk","djbaucom","cjhall3","msubram3","tadicke3","jethoma8","jli29","lvboyd","jfwang2","ajstrapp","ltran3","gjabell","qliao","cjparke","djmock","acflint","rneby","wdcosta","jpferrer","wma8","adwall4","snhender","ebbode","cwcarrol","hsnelakk","psingh8","anpeeple","kenewell","mlcarswe","amosolf","kpowczar","nlwrenn","vmaktha","jtnelso3","smtate2","nkhulla","mjdivinc","rdmarshb","tjfallon","pasoloni","bcboyle","gnswain","jrtuttl2","athapa","rkkrache","agadler","eadunlop","bknagy","hhpatel","wjbaker2","mcwalte2","cjhetzle","pjlee2","dkarami","qyjones","akiyeng2","ctripoll","salille2","ejfinle2","htcollin","jgschwab","jamacle2","nrducret","mschlei","nnshirse","jnparmar","aeezhila","cmfitzg2","rfseligs","mtsmith8","amshafe2","sranga","anshafer","yzhu24","tjschomb","jrbell2","jtirene","jhoh","ssbagade","hehendr2","wdhaskin","ldremigi","ltschroc","sacynamo","jtoverto"
0,2.25688052047918,1.78980629976948,1.57014640574348,1.92910424013258,1.62741014336596,1.93694503981801,1.59218419025251,1.55344338315232,1.81871753700308,2.10532342291724,1.85191486781738,1.51011780285877,2.1339776604256,1.61566967006389,1.4982174775457,1.74200488511318,1.36080953637169,1.87205879904106,2.65514458844756,2.08422376779931,1.35673373380785,1.5160244173665,1.70604559742892,2.6372164435824,1.25014220027426,2.16764296271891,1.91274735222843,2.30733743379455,1.8512738514046,2.08920892213717,2.09078300577163,1.60272311862527,1.86129155830825,1.31972707555304,2.74481331347186,2.03613689113333,2.26403485716841,2.04733839397992,1.99900251735671,1.52796720241804,2.09603247198244,1.91115214053891,1.53188443627731,2.58759534181653,1.92567742675429,1.92579647460395,1.74036650106015,1.92351037546733,1.77370551084671,2.04270897544838,1.8985070356232,2.02679553576263,1.36219967931712,1.76236495380549,1.71138078073926,1.68907843289497,1.93247825058011,1.38013353000904,2.75514298385602,1.84774860858882,1.80073259638059,1.44798818276459,1.57872679312133,1.62167044106198,1.71195032020542,2.09446004887085,1.75480079499745,1.57311348173636,1.85492628632477,2.19188280704882,1.86522140492182,1.72647550514042,2.22065187088511,1.71291199135939,1.9991671840967,2.29065267045173,1.620880956531,1.75463869481168,1.78255064098728,1.87046138071201,1.53444071088265,1.71347762727571,1.89819149858784,1.88751354934764,1.79479880334011,1.82899284377372,1.64256183738439,1.41778401860776,0.912976970904395,1.10752787088,2.04877991607153,1.98311075793631,1.86463889702917,1.84094454522243,1.62345293093691,1.77828330211204,1.49135196589664,1.84108793264063,1.85972905645207,1.71524106021283,1.79805704370659,1.89219488139924,1.84118131801447,2.30677716084143,2.27129241681781,2.68368455980299,2.46430564242961,1.77751098023065,1.88016680510213,1.79011895108279,1.7381172978411,1.70766573748785,2.12178701788348,1.53138852432436,1.50031674444134,1.99475801422716,1.13348891688279,1.75240609613114,1.87352703378642,1.49684410822875,1.77286837322148,1.66846359882691,2.22862947644682,2.31607090709134,2.21218949101776,1.87425121499638,1.84401444719037,1.93188873371092,1.75951062050641,1.56328804209659,1.48388451844245,1.93326389576669,1.83341151275374,2.34827020568537,1.72292994886653,1.56984693353349,2.05461780613786,1.48845234731479,2.0289954880678,2.27788523548192,1.44575080603082,1.92955107749996,1.90814593604779,1.87917877014637,1.98686271265769,2.60742775091347,2.15763388190407,2.19813619331114,1.70883932529151,1.73014190343996,1.93496609930087,2.04603171670846,1.8148246142702,1.79085894680813,1.81017399438383,2.04471418179338,1.41386570216875,1.89779409050043,1.72546660941552,1.80197443526622,2.14181478831401,1.92849653173638,2.28908359527872,1.94219398331408,1.81498070590769,2.36547971908234,1.48895429091072,1.76590032616614,1.90502221001798,1.70782864517519,1.81894611828277,1.76052866562059,1.66080728851556,2.48152561433352,1.9191716147711,1.81293692437035,1.38515046480665,1.89515998343341,2.25404247682699,2.25190272513116,1.95039341268878,1.77481449432258,1.86234036856848,1.98614981032095,2.08456093527541,1.34304699938281,1.96693199285474
2.25688052047918,0,1.99976181554991,0.986010021644697,1.24750858571033,1.14827407414682,0.820088503434654,1.34567879537711,1.10298782220892,0.939874029873176,0.6886919243358,1.52636738041898,1.05331856357524,0.928513962448537,1.97033155559396,2.11242300137468,1.04975071202396,1.60637652960082,1.24293425930607,1.31158602905662,0.655454359716862,1.09384806079743,2.17995119879965,1.65320148091103,2.33626024772312,1.52041245154889,1.07418899358983,0.943143431421086,0.566326149449003,0.688667744996445,1.3655411505355,1.27131196851431,2.30441500976182,1.46421958471494,1.33577470841938,3.92002578942606,0.765321217632751,0.578025112846459,1.60427998091266,1.35643832995837,1.15492904857573,0.519349172884325,0.637797227141722,1.39329088231652,1.07428524191405,1.17391088168913,1.12208159152598,1.29342257725582,1.29659901574871,0.976681068755551,1.69141926015763,1.11183576130445,1.20203684473083,1.33710334829853,1.51335070149139,1.00941042437462,1.17518249200009,1.0933865503116,1.50428515353229,1.58864434963117,1.18451546099441,1.07655849877129,1.26570797991299,1.26294044849904,1.42333524204424,1.68523977659592,0.827138429825562,0.931448810144305,1.08395565502229,0.889931121836171,0.79233896728282,0.714267557155927,1.6312149737,1.27426727096263,1.94990456283182,0.880161284710587,1.58021765714478,0.808156168864438,1.17771680268917,1.21224603230243,0.86252663416672,1.53605033226921,1.71561059413242,1.01815505156277,0.695923713392222,1.40594412805576,1.4146436536813,0.884359744040004,1.66597843982557,2.13978200567154,2.18086743417124,2.10461506187898,2.10671648425031,1.53873999548313,0.853295913983028,1.41909891479428,0.802453115153791,1.76918952391004,1.07847394783675,0.988844294368764,1.53490857002642,1.56747051171808,1.30864757263034,1.02253294885772,1.80662327282659,0.49293093281687,2.18674869189613,0.551101844364745,1.08620644466128,1.81405068471877,1.6203913110619,1.74868034570185,1.28518231167896,2.30574959559595,0.981527546337093,2.2201798524907,0.742888748147816,1.84226756191028,1.90783326310737,2.24009636632872,1.93488330245701,1.62070167248358,1.30562866344943,0.728450365174585,0.737893566532018,1.51974036702179,1.31131476495775,1.09967827650968,1.03954271251094,1.76380587307145,1.38028121176078,1.86924775826652,0.642699042049499,0.779514407175245,1.57868568669147,0.686615974367047,1.66121323006219,1.34938895133575,1.63079686491138,1.07734004408688,0.400612148188185,1.53708280783188,0.846469462454035,1.06495400706997,0.848759175957602,0.822645693494081,2.74706822297305,1.31311702400533,0.81657981052032,0.909361482080818,1.70440703598939,2.0961465309816,0.480579516053269,0.849878775132711,0.771199115539859,1.29388302658154,0.802372074160121,1.62788754467966,0.870448944438327,1.21800974563185,2.57656365129499,0.812811933778955,1.14255000682418,0.607510629835671,0.971371165279441,1.05612465375619,1.29022111922831,1.23145115426079,1.77063270785953,0.687501214720581,1.31251363362833,0.992298089673744,0.793842702820402,1.27733445328232,0.953903566947155,1.06403898603104,1.77433131652624,1.07123592808916,0.922548082198917,1.03597646266128,1.26053602077433,1.10249169632831,1.24937501232697,1.00387927783653,1.17833737556464,1.2614282782206,1.34734980055158,0.886309337422386
1.78980629976948,1.99976181554991,0,1.42563513115136,1.33606808400212,1.20279097159157,1.79111595752405,1.27548761098277,1.52819447360579,1.53055022589548,1.85964395956333,1.98728524300347,1.5488189535002,1.65046290968033,1.00866334341985,1.36289643855218,1.65580169896973,1.24136781721688,1.33788839279116,1.97830728222944,1.68630383494907,1.50058092842375,1.93881238486683,1.00460391419804,1.53303543734959,1.27335567818851,1.93486917010609,1.79298940299262,1.83778505501506,1.68208592767608,1.30830894325994,1.82444974244523,1.40006765027883,1.83180404502624,1.2429193516013,2.67665319881858,1.63914955763611,1.8432449078385,1.63123851931974,1.58465496624232,1.37330098638707,1.8970134483973,1.63896373207557,1.16875754291443,2.28003570057988,1.32397655377918,1.8707011883165,1.09200740791205,1.45515150170553,1.46844991944315,1.90301028893876,1.69630608960471,1.83567014627688,1.18650175767119,1.16253022466161,1.62166360733047,1.30083094996411,1.54663214441521,1.12073566482997,2.15289588494196,1.7967382467499,1.18744332460878,1.15144125609478,1.20942463446897,0.942018987929048,1.01602726852249,1.51536483142761,1.36343457043813,1.1284120982783,1.41398978270461,1.98226831528602,1.6696538697082,0.856936699571467,1.85565235773303,1.05212105381909,1.52379254387314,1.83094543169849,1.5298621080282,1.51054401394709,1.50320095354251,1.47309043342421,1.36561059183786,1.5216817139192,1.51851041909067,1.73300630497621,1.15000237210583,1.32143596538502,1.60882019062589,1.67714665626381,1.60880530608402,1.34397216255867,0.937752850852602,1.70050382440348,0.942072014326077,1.61693233185405,0.830989812720762,1.68989970028498,1.24744218021482,1.51870788676289,1.42203587488141,1.16407884105055,1.04350302663678,1.38378572647162,1.48314920915511,1.94061089028197,1.96540061202142,1.80556722487625,2.17056303258537,1.39134020508205,0.972002312014753,0.947571332382543,1.25050821187454,1.40788389883497,1.46794316543957,1.34849581764016,1.35697113067375,1.52476682022454,1.31574849876021,1.64226546551612,1.96819724797276,1.71921505951944,1.46208653613387,1.79853474003969,1.87006352940528,1.90111257499471,1.52183554156401,1.42828273695558,1.30654478739432,1.52833057315341,1.25054466286158,1.65725705014983,1.06140216215453,1.55291655632339,1.51975564470676,1.82387291255023,1.64645542387506,1.3323091215777,1.42178446420494,0.857947675366676,1.39815656402357,1.8986659557111,1.15689605225172,1.90558988110894,1.27012706072547,1.6716219607859,1.54477385133541,1.90902151082931,1.78730368108193,1.98593793442435,1.40001102649583,1.35019683403156,1.45708670626892,1.73912315390162,1.51050030623989,1.77247781762579,1.32549235801099,1.59010564242453,1.19205648155292,1.66563024699531,1.52689362359853,1.72701226468526,1.71000036263306,1.53403120513058,2.02948488056715,1.66623323800037,1.46463487700659,1.82105181505899,1.63436547304838,1.43280562970602,1.62169578760719,1.47688138104998,1.45471262826477,1.50737147036469,1.63453871380809,2.15646549172141,1.78700400132422,1.31005375917097,1.57599668559416,1.38595329389679,1.85876923118173,1.87704974416215,1.51464966239443,1.50155863416456,1.35009447465636,1.49603002016486,1.36225596203578,1.1100607338534,1.61394655751294
1.57014640574348,0.986010021644697,1.42563513115136,0,0.926784296723584,0.626789483474389,0.767978799403937,0.964905515917585,0.78121136927796,0.863913818852269,0.88694085522144,1.30348859809781,0.719268686279264,0.899922902389653,1.49980646533454,1.42660943331432,0.794322671931199,0.982364487617298,0.93598911891223,1.54773590963056,0.918454622465321,0.469221701782824,1.70594392852608,1.19966735306442,1.93195549271003,0.913956803196422,1.16603445425128,0.8302180037094,0.982956282039914,0.763963065430255,1.00463052020582,1.09230452741407,1.77227925798926,1.20050884488525,0.788691726221984,3.26380603711347,0.969199262599114,0.902154775604245,1.37961221042899,1.06439255987516,0.733372046410828,0.923874208752187,0.756452117515909,0.907506816152252,1.38267750537662,0.924058355790316,1.01077496653128,0.994682709883726,1.02586049359435,0.709044974065486,1.31687245794481,0.919523908139017,1.00454704194123,0.752318758429382,1.04715198242376,0.848176673204495,0.798566706401214,1.00450087642012,1.09484252259363,1.60626905860059,1.06276657548518,0.704097406168154,0.694530605507841,0.819858622509086,0.907031424972644,1.20242159936184,0.889988787293989,0.781234424132888,0.723409514887968,0.744643149365747,1.13710203787472,0.646857606267505,1.10921792984265,1.19386873806596,1.23099113141203,0.731643809483022,1.4358172339165,0.521071223825375,0.945903593060534,1.11485737129605,0.764490877535317,0.970680939822997,1.25235983712757,0.932028276266373,0.752253637647729,1.07333433845506,0.993521184719105,0.445167920117466,1.20720239991311,1.57545329277854,1.65426308177127,1.69768841812077,1.61434807759931,1.0459314985691,0.650031588471526,0.940854150310037,0.736615141303881,1.09780181710222,1.01805545827174,0.776562213068599,1.12465822443901,1.02898061842528,1.12839056089905,0.947579784219556,1.57114120001992,1.05060718394886,1.85671473974111,1.22449938215928,0.651887347194991,1.4260960295026,1.22253627589067,1.25076452012208,0.890894615958767,1.87610178131601,0.491216722776283,1.60358144483578,0.68014225138082,1.1730102601243,1.62075138684155,1.8239621111312,1.28776031184116,1.25460305448972,0.915335194164857,0.918303578532683,1.09723230117829,1.14387410128107,1.09003881945887,0.787330946882354,1.00671912164464,1.25243025538066,0.920609913501331,1.33137038325234,0.705415991139753,0.77269784189895,1.56773835895499,0.58992670467814,1.14182196235815,1.06722205285691,1.06961995993442,0.749133185541619,0.921468351660527,0.805521111436449,0.961022102549771,0.741281491870529,0.579344502189309,0.787936860232103,2.3241667595842,1.29919314678936,1.08695511292689,0.503685475260397,1.13839350805989,1.52248637700249,0.668539327590401,0.580137389541971,0.737418985179477,0.822816103418635,0.877904962972692,1.04086433795453,0.733742379639937,0.719726875573059,2.12630464687512,0.853723131665051,0.8477605829912,1.03433679324527,0.655435822258481,1.01097608930007,1.30917634738374,0.740478079101578,1.30688279851123,0.723128164882083,0.853224546214862,0.80991052383152,0.669179957400988,0.96160470380094,1.2724498757179,1.0283370735892,1.29398571233499,0.540986689308269,0.795630731702779,1.22504294284375,1.22596942001615,1.09157744047319,1.08123453588149,0.80422309197591,0.960059386441439,1.14114645949996,0.752495841119887,0.624280363596381
1.92910424013258,1.24750858571033,1.33606808400212,0.926784296723584,0,0.793135821795249,1.1887330440341,1.20130090400003,1.09976314361391,1.01871779099641,1.09417680559612,1.31423053061877,1.10935106012753,1.22462014085794,1.50397650000252,1.69798787626175,0.995371999599188,1.30521937685158,0.983038764361405,1.47324381106245,1.01044132276467,1.08037233353678,1.79193810219837,1.10143600536,1.69980506741339,1.14755633963997,1.14408540555766,1.13230685992919,1.09388193710187,1.00618781583117,1.0738005179938,1.35038466829245,1.70325142309209,1.02273738301998,1.14708232594119,3.27601491244184,0.926598482052258,1.33597475517489,1.31697948374963,0.887665503689776,1.00570953442373,1.05227279627132,0.810513866435549,1.0807096491956,1.40031145773424,1.21993669953115,1.20220991455147,1.22474495667563,1.1200878914155,0.775774252563493,1.26357235314666,1.24916562903541,1.14423671024006,1.16418996502877,1.13663429914826,1.02179195284287,0.774633200496844,0.954209324655351,0.966223361473603,1.27062244570438,1.04341560280813,0.953450219390113,1.02516524498544,1.0173932824903,1.2394009357003,1.33702491948029,1.17392174139934,1.14487445808052,0.7219054914152,1.1092575089815,1.00381628339562,0.863879220497285,1.22579211025841,1.08448051620258,1.35586613258516,0.826628274689575,1.45319757826177,0.924270777030981,0.866771718631721,0.939479146256982,0.927664013830894,1.05797967299617,1.35657720933116,0.946116001609132,0.889203710320814,1.37095721638142,0.956713960783364,0.939627471727759,1.4274073888711,1.6732277277075,1.72019051148992,1.6385642031322,1.52987137078901,1.30265673221192,1.08335619296517,1.06838939673101,0.954476897526967,1.23617696386313,0.833067135351716,1.22948686579455,1.51036347940206,1.04516402699443,1.48054052690164,1.1205091739066,1.47218301311894,1.27809293613404,1.51414390890893,1.23660059147218,0.942333800076639,1.59985771133065,1.27310300973126,1.41474830748851,1.19781099624761,1.89263253451276,0.766642117326737,1.90381491960533,0.907674705789169,1.35726047912072,1.72295501265256,1.88098296001936,1.55336711166841,0.987151931722793,1.35643679616879,0.876552364363697,1.10735689417235,0.828635927277754,1.13770700539844,0.916426444911389,1.23347839394063,1.59057476354911,1.15095108921459,1.42287005355279,0.995879929361807,0.632509022184152,1.33946138500472,1.07491787138255,1.17386794041864,1.40944071602848,1.31392659219421,0.798858723612177,1.27816154712221,1.17331816534593,1.07488057344655,0.567808956843124,1.01947640272566,0.823225082912368,2.34761935856087,1.50652060942479,1.07131708955367,0.732414485424756,1.11712000172308,1.65951128774417,1.10449695529937,0.932277564132404,1.01442486298815,0.883363537703493,0.927083152364205,1.30951495832536,1.00225132503846,0.760157397006071,2.26751748978203,1.14293640086916,0.938258046977078,1.17025339551087,1.10780540751571,1.1721554252659,1.21042111264409,1.22821295455624,1.30771635083932,1.22295259780029,1.31509720821324,1.23910322893423,0.794102979010798,1.11673391800015,1.30342011129544,1.21020470240718,1.60202851332913,1.15312937370004,1.05200295572913,1.36115115701374,1.24948278377522,1.42596620433059,1.02052554369728,0.887634293507511,1.12418973093875,1.41901883092044,1.13976901087449,0.967624591051183
1.62741014336596,1.14827407414682,1.20279097159157,0.626789483474389,0.793135821795249,0,0.99088373800096,1.02204785403169,0.684491471640772,1.06418375355092,1.01506217611104,1.29711776059244,0.699375557529181,1.14246245342774,1.39470209832723,1.51038626844488,0.764747230129322,1.08122863728235,0.979404532243128,1.56663938140258,1.03198119962394,0.817421963761288,1.80157465107619,1.12643237696706,1.85103395218363,1.00802448627585,1.19876431317261,0.886225554185962,1.16993675215935,0.705824908977626,0.951974497840545,1.17589041076761,1.63530769574646,1.2923374134527,0.850047154934529,3.28717289907968,0.865158763537455,1.13316350062416,1.19162635232551,1.05975779034523,0.730712798671071,1.11085380010825,0.854319672864548,0.801542002695807,1.62667765073423,1.01979195563615,1.05835035421,0.997607104142911,1.02538945293654,0.883042751153393,1.32779705989896,1.04453958893001,1.13095737767448,0.759645646207436,1.16006231357958,0.841020239403624,0.748833908683678,0.86188334683205,0.99200838022682,1.63524378630181,1.16109122774721,0.686749301563851,0.758937980323502,0.89061270472641,0.898438026372344,1.33417741115539,0.789767044670636,0.719968015418583,0.603591508279817,0.879839644279863,1.20572505773148,0.774070499973702,0.974075335644012,1.25555709041628,1.01273414388977,0.804176514777325,1.41809074822431,0.729513416816038,0.901088686986821,1.09798163637655,0.616891678515753,0.805669855860681,1.36727261098715,0.904889972005161,0.937660754738833,0.87906394069483,0.897332216282176,0.852551717832683,1.12291129854968,1.53715381158929,1.5518322523523,1.33846343518151,1.46453839812664,1.02089513448017,0.731659176956309,0.808398946960907,0.793391883200256,1.22468932394393,1.05465106030338,0.728472143676581,1.04191213925276,0.972421194129147,1.19380270782365,1.05427153385939,1.4616037006538,1.18857998381613,1.78774956072276,1.3815434186618,0.78465644653744,1.22416211525899,1.17214125216385,1.25109673242319,1.17162758128969,1.95049602813358,0.692103596466966,1.72163001878052,0.77720617200136,1.1126750654275,1.6033699342819,1.95028970190408,1.3626128377829,1.36421831736078,1.12158080869642,1.0852491720045,1.19356788878001,1.18909392313475,1.05108930720186,0.524668828284854,0.840275697780073,1.37128558124615,0.861817615516186,1.22748107976247,0.757305117436521,0.751591497787774,1.36052885440577,0.742009007242104,0.89507100077643,1.09629413133997,1.03645911840147,0.88185288903042,1.11452706912698,0.795542437486669,1.00178358584558,0.530206190728641,0.883351758777638,0.869606842662164,2.35047175941507,1.34282701707101,1.16853722157586,0.582961659850113,1.16094470048717,1.50520799959459,0.940392076714556,0.896557604846974,0.889651397922469,0.814766856951924,0.975260828106717,1.13872913079363,0.889426055161847,0.76904127809109,2.14172134749107,1.10825911554663,0.722409146362049,1.25883607417094,0.908721491047475,1.10313058808953,1.33012432166896,0.839003290107558,1.14554031406777,0.917500428181745,1.12698716168427,0.992705963675303,0.679519193022413,0.903953707105667,1.46134363844824,0.894263794376422,1.25076977154035,0.853895224536694,0.779328069917357,1.33942262785132,1.28816395096258,1.06999669503914,0.998025677176919,0.940843891529059,0.963271833773768,1.15214741301648,0.818149657468226,0.860068629519166
1.93694503981801,0.820088503434654,1.79111595752405,0.767978799403937,1.1887330440341,0.99088373800096,0,1.20129518242212,0.808005923997537,0.886043663266102,0.582383185684092,1.03651762911869,0.78491770625143,0.818948633272812,1.93963608443652,2.01715861257841,0.601581651782169,1.56091907750146,0.948729032615674,1.44873606939904,0.966595508538403,0.789289960541377,1.78647785756038,1.65994253456241,2.40685897480963,1.22637181443444,0.760393963604721,0.567683579015876,0.873422352746425,0.751865750312448,1.14993341176179,0.74750498254171,2.06308856422397,1.08285632231232,1.08586513568944,3.8346507477023,0.860439008440734,0.861338366055877,1.23677708696222,0.961081731433941,0.840015104967233,0.748597472672207,0.672719078698454,1.00727468489751,0.953351642133966,1.27989941112433,0.615565218570048,1.29848975523197,1.04305363195562,0.993735898004169,1.07664443418919,0.747115991382321,0.634372582462423,0.87310678220115,1.34319740144414,0.56925773315696,1.27652248547586,0.901600444541868,1.34059855581461,1.51642030278755,0.766638470879204,0.959495682594264,0.874921337145404,1.16493696366984,1.3034196838622,1.61370251017936,0.866373818169983,0.848988703247919,1.07149785408724,0.964083071873236,0.843295692723998,0.53837665509442,1.37739603454634,0.841388854174829,1.59276296403287,0.629233699937113,1.30071537204335,0.652273406181454,1.01617409689419,1.34173174385507,0.735775645167187,1.00444327660365,1.67043757882892,0.967699487692533,0.614571910903551,1.15670472481385,0.987047875721687,0.768289187399011,1.09654063063564,1.92300752910298,1.94467543831817,1.94728309817389,1.54651302009785,1.34117000198095,0.862317403432356,1.28577039393815,0.665874816945337,1.27068847993765,1.20898918233324,0.882185184212739,1.41382874874109,1.46742753512359,1.38330654707585,1.20770940937998,1.33390002493013,1.03327445374703,2.04438884096804,0.99962138947082,0.898717695968491,1.68374895982923,1.56508044665662,1.51510792001521,1.31470501352821,2.31392968763214,0.861859015674504,2.10802232464749,0.804656375609842,1.69255425489599,1.98172962817256,2.14564626142073,1.79203801236185,1.51584396594476,0.610549191162006,0.746910326666308,0.727542851362588,1.40029478268097,1.35676447723183,0.883504188905939,1.13104899508562,1.74305467316551,0.841288892812409,1.59969296579847,0.87710531400792,0.888101706535315,1.41457145777755,0.613221092440884,1.1948960390669,1.20634776567686,1.42053840500412,0.897912832747753,0.775262999317035,1.27404742256071,0.636609141173634,0.968727700496476,0.347093961631173,0.640621183897063,2.79558330893664,1.38611433776883,0.724493714525644,0.632944805148649,1.57938583789968,1.70122144160506,0.564372112914693,0.767922631153214,0.575103807664,0.9081259845174,0.736960188481621,1.54624803274667,0.392799085965634,0.75227710362752,2.44718083548254,1.03548588034282,0.751976944785852,0.603906830916733,0.460207396529088,1.1291741323825,1.03314416649793,0.762829826300091,1.29627578875705,0.854407607742272,1.23262103999902,1.06051182427045,0.656679731385524,0.774496217453292,0.785541333169953,0.758528406215786,1.74862559323311,0.755929922582299,1.05849594183049,1.25309193903769,0.857854907117177,1.19349752018713,1.33747736459548,1.11798852858063,0.826518152498939,1.44439596194867,1.01003495403011,0.449211611162918
1.59218419025251,1.34567879537711,1.27548761098277,0.964905515917585,1.20130090400003,1.02204785403169,1.20129518242212,0,1.1247764938531,0.748604483475856,1.19201179459893,1.61503691395438,1.03666313724106,0.85226125651128,1.24232444934933,1.36837571390355,1.15331783604435,1.07073278702313,0.734468519912379,1.46879576485353,1.06549905157102,0.876923126574135,1.59856592843969,1.0700526556537,2.17972030991363,0.915968585733944,1.34647907496952,1.23444097894415,1.22278337520222,1.2043459240145,0.983747923430406,1.30536240640479,1.68312164594984,1.40633302030467,0.507588617256086,2.97900056694146,0.97008491382858,1.22212434761672,1.19957934799845,1.20747261839466,0.743228804781628,1.24895706417778,1.04879575189738,0.701127452421131,1.69804611837581,0.876287662664242,1.30512179270068,0.865006992559102,0.809556805209296,0.881251205741835,1.65839195298883,1.13805736962798,1.44090049986707,0.819943750324046,0.879395657510448,1.07164432666561,1.00265138304154,1.03527203563462,0.830166602652798,1.95379514282566,1.20357638062952,0.722583065533851,0.686153993382615,0.83258180755982,0.835807533893622,1.0554050796215,1.03999037380199,0.840433599863505,0.903109435625251,0.825690576379551,1.37571182526122,1.07983537621901,0.807807246849224,1.43147976334632,1.27919180531423,1.08809885731913,1.34257172696388,0.968695999899058,1.08973722195193,0.883406147100467,0.952188747179542,1.16800743565581,0.878471915143974,0.717995805650346,1.07690840317653,0.946686424568175,1.05607864920803,0.936106642316064,1.34587382753889,1.44344947857821,1.41956460977969,1.37726176668857,1.62260942727606,1.23115785699465,0.942600129873229,0.767682998632292,1.04801794407634,1.1420466908585,0.944490982355587,0.919689692740016,1.19707204092035,1.05816918480253,1.12382833629649,1.09999103896821,1.65371563860622,1.34500329802312,2.05926124999666,1.49595513848276,0.752493414927529,1.27068657693652,0.802023863955655,0.742223159817356,0.892042231819057,1.58587188354525,0.885273266543687,1.50929827330172,1.00820977216449,1.08404913812373,1.50253126146662,1.51765200643844,1.45675247934776,1.27216899744046,1.24238209696544,1.37782343883486,1.25651542446729,1.54771379943369,0.841862253669374,0.994519567233974,1.10381589177039,1.11074450846365,1.40012941144637,1.22797003414983,1.08371000724351,1.00174220180007,1.394347387589,1.0312129202478,1.10727935990476,0.972891815749595,0.867964121433365,0.883015766850083,1.24308633917836,0.825710507544001,1.31761989987523,1.13822890491989,1.07836546324857,0.898478307892339,2.11277728280767,1.42242837239184,1.33178421112709,0.86805105944851,1.15247858656304,1.58227701239272,1.09883570507812,0.855653702200998,1.16625327768397,0.892420261425493,0.865926782824166,1.05364252983125,1.02892037388636,1.24319685861017,1.82014959297274,1.02235768279377,1.18220353757058,1.38723049009394,1.10838390832746,0.911332183418848,1.3882094146785,1.19843131939547,1.28519107164618,1.07541762753581,0.768567917875286,0.908553851151263,0.980857721652787,1.15485878147783,1.57092775416826,1.31808883362229,1.20116041438887,0.953141957939285,0.963048158972334,1.35945147900347,1.29841313056395,1.09050062396387,0.887024704015734,1.06598913006996,0.89172773592207,1.21879807002425,0.601851588919186,1.21464713400025
1.55344338315232,1.10298782220892,1.52819447360579,0.78121136927796,1.09976314361391,0.684491471640772,0.808005923997537,1.1247764938531,0,1.0565665478611,0.890384474379768,0.899621408194703,0.48568990673977,1.22666562975372,1.68012113866724,1.75549406982024,0.502468442924204,1.35492023372925,1.09239104726593,1.6094334726347,1.18367575018128,0.712072159601945,1.59803504563486,1.50651499262809,2.3502690273375,0.948048767947552,0.976640293505489,0.614561756598653,1.30116622357931,0.580625529023516,1.24806396576205,1.00388801041004,1.71729333222444,1.09125763760414,0.866663166079236,3.5035805776392,0.866227670039041,1.23183489637907,1.07955094898493,1.02019325617422,0.621929399064602,0.985638137901744,0.818637267012271,0.7547272094589,1.53827971268886,1.3375893720308,0.71732095029144,1.25473631741343,1.05469079033874,1.0265754659453,1.27784625001055,0.86765579081093,0.932820470344047,0.66445537943325,1.35250049185976,0.535573897076824,1.01953979571302,0.845593256571307,1.10400327938792,1.83894613241362,0.869870176818395,0.935639901530496,0.70695258419862,1.11951639026764,1.16984221541812,1.54981979125472,0.933513292990446,0.811853227423211,0.875079626326837,1.0746055852529,1.0539600940235,0.663862348318283,1.19468133939825,1.19304751316608,1.27572473874015,0.94158211129329,1.39923891373916,0.607065550990007,0.895351153959202,1.20517400070759,0.621238300136482,0.697766527337292,1.54333943142177,0.878612283135442,0.819586711430034,0.949986233781557,1.09183309230174,0.924328041462359,0.743320073225637,1.5069995181896,1.57853393089278,1.616984036933,1.31375870527412,1.37907551097004,0.761182184887672,1.09816373311926,0.612390262159533,1.33090489116018,1.10189903002228,0.817264420502269,1.1976302971304,1.42424503541533,1.4061927222915,1.19981159611552,1.34073346037114,1.20880670247382,2.17006537359015,1.33852468477437,0.84931224537036,1.48383560641991,1.43852191202772,1.34857511617016,1.38172716138667,2.17263919127077,0.811399459867931,1.90499456713568,1.0239029922792,1.22216742122206,1.7931191516935,2.06872539139867,1.58315086748081,1.5093621540951,0.773576235580006,1.13677787865504,1.13257311507542,1.55363967411221,1.20840081074337,0.722661973725172,1.01803554940443,1.63867598844929,0.592502998329865,1.39030677782012,0.992160063153278,0.817257526320676,1.31893548367175,0.667595500843868,0.82609640824624,1.28879379969337,1.2842739074471,1.11520474330247,1.14557812304043,1.05206136457065,0.761099070730723,0.9400615387949,0.830014276337741,0.927340929362012,2.73279629203304,1.56363357163453,1.00487899608264,0.640195720218748,1.3823684117639,1.71171347474637,0.969823526916881,0.995036233257544,0.657034410918487,0.950429598696213,0.962787300287643,1.26851218148323,0.849359843575716,0.767571337931902,2.32123276265378,1.29260875083351,0.743978230445216,1.13713664142459,0.928500212969229,1.16158599833811,1.28781389860347,0.459725120325288,1.01266116151093,1.01472895724312,1.33509501909215,1.18073854343633,0.591208754910776,0.518031338618543,1.34573167192847,0.590523401815949,1.52557724890177,0.814334061741404,1.02634241634425,1.36420355495184,1.16579287638983,1.23732193935382,1.15551633247202,1.11461386819302,0.942402584740426,1.4097198862703,0.912358127109302,0.897638533116276
1.81871753700308,0.939874029873176,1.53055022589548,0.863913818852269,1.01871779099641,1.06418375355092,0.886043663266102,0.748604483475856,1.0565665478611,0,0.891313512869214,1.42978219698794,0.945885849976701,0.741766563938438,1.52044337520533,1.58685318050454,0.943505973611607,1.20291451698251,0.733442590261555,1.44740591844288,0.675516006210955,0.766666851495313,1.70396824894284,1.19785808268294,2.18972741190701,0.890034902553709,1.12298074152818,1.09194988070986,0.838155290465613,0.991274008286032,1.15809682054503,1.24526147659123,1.90154588773126,1.08545208272582,0.84131253541462,3.25541602241671,0.835125321155191,0.92089168751606,1.38053152459421,1.12612474000619,0.699597344178673,0.810473243503501,0.642054055861545,0.911369226789291,1.28947274302474,0.886252445440168,1.14284025795433,0.890599652802408,0.96103955908784,0.58737947121446,1.5035048935577,1.08622081001743,1.22217896223982,0.935831607759562,0.905016649926442,0.872150669400609,0.974952206597656,1.05400414254305,0.880834296043368,1.72750219889384,0.900108656507753,0.817594123434701,0.794889240183893,0.764140139792846,1.00284993611942,1.10539179458727,0.986119725042721,0.783334762527176,0.857276732271036,0.692057848743319,0.959648732151886,0.773467834746685,1.21565329658303,1.21061651458383,1.60058373247319,0.868168270402064,1.41349753140044,0.693528369187852,0.912970540007423,0.689704239842984,0.887218173797359,1.26456469208415,1.10469510372103,0.751747120944971,0.650131455071048,1.19414846533661,1.12571698002095,0.687650798795676,1.36295232534129,1.54121412086842,1.55733773393753,1.7697030704689,1.78236406813085,1.28701056866284,0.83521773892616,1.00308175103201,0.785315139132097,1.2004285748504,0.627435599976558,0.937810910004553,1.27991114662135,1.16226478655061,1.10129805865614,0.843035348570587,1.70560132058591,0.95868129193618,2.05808979440107,1.03986963732522,0.764734113237814,1.50256536311253,0.997559996479197,1.15557972413672,0.89852803797083,1.70336040908549,0.69126994886408,1.68629701658067,0.737289472811322,1.40085754308586,1.47630458052726,1.63516976136634,1.49914936118983,1.0533691081698,1.13989874246683,0.971440111658159,0.939968618930331,1.40468939341356,0.954934952600471,1.06811924140457,1.04410199316204,1.27193569206766,1.26587608460308,1.3032050370904,0.85593630347709,0.68193223234347,1.51118956281608,0.764962710895567,1.32503121469484,1.18782865711123,1.08415215477567,0.819684610254014,0.904979277184738,1.11414627807992,0.943543259393676,1.04235167193306,0.833170260892322,0.634606383373126,2.32922904896693,1.19616413864775,1.00983356106492,0.698716095204217,1.31447666252683,1.72103358942473,0.740520760335983,0.563515111404568,0.829625500342735,1.0030357976569,0.681871279517965,1.1636644477271,0.791531824829872,1.08840998086668,1.95060323042693,0.794788314913093,1.14677128173347,0.946879375294834,0.959546716954642,0.672467965853554,1.28781897816612,1.06987113387996,1.48402273176,0.78768955817879,0.85211380443599,0.722285345632176,0.740243740866722,1.08084226035134,1.18850540070937,1.18412990611239,1.54970307410575,0.838215191829024,0.862273939899837,1.17323136730985,1.20393070578943,0.995406706451809,0.84927176712571,0.740758386156427,0.95011092246607,1.18192779414185,0.80994134055053,0.93655617599589
2.10532342291724,0.6886919243358,1.85964395956333,0.88694085522144,1.09417680559612,1.01506217611104,0.582383185684092,1.19201179459893,0.890384474379768,0.891313512869214,0,1.17862902711435,0.876134363554279,0.880402015853678,1.90973111506822,2.04551018958139,0.74365001949646,1.55850100899193,0.926596157124412,1.14843078270091,0.815233760656254,0.94920010906238,1.9423381700558,1.58886535125908,2.35499791834661,1.30153023119528,0.570026755261815,0.538265322264068,0.761988335932841,0.65502582059837,1.15931025640921,0.697990592192285,2.16077047166135,1.15038823357343,1.16292185826933,3.84562797404825,0.697116571326282,0.843134231146482,1.14667395013426,0.824959426717623,0.866210375975856,0.691930660863193,0.602358409566793,1.10097611622589,0.945580275784331,1.2633967837227,0.734540807798444,1.33821995153429,0.931390605853728,0.822860923103202,1.2779015177228,0.676145861317071,0.835505071389375,1.0987428591926,1.36251711681469,0.696023936338852,1.21955063558413,0.847542337803238,1.32251984756324,1.46630784088499,0.811863282569613,0.944068440900409,1.00496486565517,1.23866236500834,1.38664505780777,1.67278589108464,0.795141645092993,0.899047923429769,1.03382565596707,0.987458823974122,0.600270901785506,0.45449773225619,1.39653827432357,0.876349596268098,1.66431852614818,0.68767388477615,1.00841037108387,0.771056218046418,1.06834089096147,1.23002316691244,0.690800051052449,1.16220159312039,1.57908735967301,0.75468656269491,0.587168014331563,1.23140207208182,1.13389146482773,0.782669419325723,1.30467192252579,1.99992549220567,2.05754756355019,1.88204341304868,1.66506358671205,1.501633858884,0.809099452358219,1.30357980695491,0.598335139412593,1.4928960733756,1.06309415244136,0.894919760929894,1.51905068362207,1.38462624129171,1.43614721774312,1.19573033801908,1.3965089422079,0.886866837506389,1.92730972802933,0.693040457908553,0.896947217836301,1.7553859736633,1.53300879319875,1.41094422652994,1.34281119289829,2.3344012503786,0.935184024498669,2.18660828970436,0.748684832125238,1.71836017688459,2.03352610087382,2.19511385262971,1.86170299259922,1.53426332857958,0.940400343351901,0.690462638347798,0.606493356579191,1.4062342172957,1.18598415108719,0.911205313346928,1.09284369269156,1.78015066025772,1.06067653424835,1.72222034972992,0.777697698324507,0.744680499451249,1.30317239148921,0.657375583436798,1.27011279005162,1.07584124474029,1.50519418805098,0.866171280079319,0.669038413840827,1.34127318708596,0.686245610605912,0.965261935483233,0.618126722083155,0.613106345321321,2.75792408889486,1.46879857767049,0.61718051834083,0.716813453404025,1.49315217324224,1.93538196418372,0.591455357045865,0.827201309671206,0.635723673063154,0.861278698063039,0.662499802831196,1.60788909897434,0.628839818130118,0.890813263659851,2.57772662197835,0.964215961749811,0.819853653962787,0.570125867919684,0.735094292233157,1.04918906788144,1.03071233147958,0.986655214575766,1.3473163079396,0.89011776846257,1.30224251761513,1.1328853924763,0.638250795613283,0.910439205584121,0.774104779650831,0.791156795344023,1.77248186904406,0.92989071805701,0.911257769824141,1.20800038269196,0.733449176978433,1.23476163719821,1.21885531020238,1.10281616324117,0.741452806865299,1.37289262760174,1.16457235938549,0.687487307676766
1.85191486781738,1.52636738041898,1.98728524300347,1.30348859809781,1.31423053061877,1.29711776059244,1.03651762911869,1.61503691395438,0.899621408194703,1.42978219698794,1.17862902711435,0,1.09213566755517,1.59357516849078,2.17357527281136,2.25886935414157,0.817293665093386,1.90444146468829,1.42460346898473,1.88178955397966,1.6440633501931,1.17160191533227,1.42657308978392,1.96198546924895,2.73298562337857,1.346755025695,0.854213534437753,0.946905895053783,1.64740462257016,1.17736795773861,1.62645217594238,1.12224260065457,1.87288946952074,0.737860623219421,1.40148260568425,3.87267395804512,1.25992908200398,1.77181916846203,1.17114029762235,0.962425575289945,1.13385930808122,1.20222016073167,1.19878937739416,1.19553141262888,1.38117785295093,1.958316632408,0.684921687935387,1.84147416602482,1.45021808037827,1.43385706923059,0.853616046512662,1.13558025601397,0.737873862598338,1.16847045690378,1.74258970094097,0.791736760794321,1.49339003535122,1.05663776325284,1.47503527475267,1.70632310757431,0.653736662370367,1.5168520423007,1.19284674519873,1.59923096523504,1.7804083654913,1.97320425779398,1.5520410919765,1.49342628025597,1.40526147443574,1.70882735619103,1.04882987939632,1.02871558560354,1.65940278959899,0.96340311821293,1.65859183679281,1.19874802638669,1.53796642767018,1.1254332980008,1.17483076206816,1.62073226046593,1.18281089372549,0.861387176506496,1.93491489160649,1.28673773772196,1.07372940443328,1.59015221332729,1.22015794647732,1.30952515358079,0.79199926705366,1.82980027950725,1.96604785738644,2.12517842679327,1.11598291097161,1.8631086736614,1.38967081881775,1.65309774779149,1.07185863987992,1.44122291260488,1.50623848608531,1.5270575084179,1.89870809327448,1.88564045164265,2.04064157027684,1.80122195760501,1.07681767943327,1.74563080616485,2.22993021386174,1.56403389630969,1.30150675813698,2.08632655435348,1.99695529723381,1.8211707672958,1.84028240862082,2.65964361344818,1.22877684321171,2.40869255830507,1.54244469008213,1.69127897961926,2.31838933140852,2.31307760481563,2.012091543554,1.63432449407341,0.808884685898701,1.26327359109787,1.26660105201188,1.65490752743059,1.8049870411714,1.25968286232749,1.69458598945715,2.22924795655076,0.728089906013386,1.86608330038234,1.58508262122362,1.23531899393717,1.35586752898362,1.26552993538429,1.05756281151831,1.85407642432271,1.83766775055675,1.44138631561765,1.63674926049688,1.58740496650536,0.951354767851296,1.32450399580454,1.09575791011167,1.20182113710482,3.15534922102172,2.07722337338982,0.981436316417363,1.05259995558365,1.70830145196874,1.92408976082597,1.4327907881846,1.40523104593918,0.979977153653391,1.20329954216129,1.25451780875123,1.83580899501741,1.09721871578515,0.797421032893989,2.7514171538001,1.78916419445954,1.01614087820602,1.23418766103867,1.19793185541857,1.66032678465773,1.24846786583653,0.946862462746164,1.03822751695564,1.65326279658477,1.85907412220702,1.78792436000979,1.00984850955362,0.668760959755911,1.24241731899238,0.924429472782137,2.08123067784371,1.26013182782924,1.6582022173809,1.66145706913449,1.11581752837578,1.89919979344698,1.65649275703437,1.58573674640901,1.28822044433577,2.09252198294103,1.43156251528456,1.14390458273025
1.51011780285877,1.05331856357524,1.5488189535002,0.719268686279264,1.10935106012753,0.699375557529181,0.78491770625143,1.03666313724106,0.48568990673977,0.945885849976701,0.876134363554279,1.09213566755517,0,1.14960759352608,1.57952807883361,1.67220351412525,0.520910279738831,1.20417451391296,1.09731353387738,1.72516107799022,1.075865931621,0.587087463034504,1.72001087302879,1.47397018151645,2.35521067656346,0.904170949549815,1.0690513128671,0.663427305017693,1.21348329427077,0.56537716293327,1.33517478778601,1.09542473610046,1.92673691799048,1.13572958328822,0.714056685175255,3.42310617969344,0.863187083613186,1.09889775798642,1.22897239650855,1.13458343754473,0.591318445496855,1.02595220490093,0.757552020032044,0.745138272018868,1.55368470410854,1.14767454735926,0.767454789536638,1.15703065378798,1.0857583805957,0.946859271151891,1.40327438171808,1.00631563111544,1.06936781491671,0.690918086836287,1.30058132559821,0.59430095978313,1.02550263942647,0.954434530382029,1.03359055952325,1.9161423199066,0.90600891338738,0.785546111148732,0.678899187225876,1.12939011674637,1.05440290951882,1.50832895623923,0.826735993883517,0.612958974951147,0.838353491395901,0.882705547745362,1.05737324491034,0.604657395196734,1.16563823859943,1.2872248788842,1.30357477505891,0.950108163471262,1.47657672558892,0.628005842499966,0.966535986779787,1.09365749263734,0.582821013327724,0.846486152045005,1.42321420399772,0.854277846598276,0.775739076780916,0.899786824637704,1.18019827122316,0.763018834387651,0.863188558804445,1.46760495450668,1.55646349536989,1.61905265241162,1.49012467083325,1.34196502982923,0.632580343051858,1.07240453106461,0.500955264432961,1.38172724776801,1.06702422554227,0.641457419563506,1.04182572591171,1.35895353964013,1.16873146469357,1.02432386954474,1.51568284428199,1.05886706829952,2.23820994273645,1.26671969143543,0.832696436454471,1.34210211453859,1.33774949489549,1.31657460364181,1.24611977407791,2.07567173279378,0.804235036334695,1.80878513214644,0.892672230391102,1.23217278544647,1.74691926734359,1.97198807970346,1.44481395437469,1.53628988906838,0.813862562160229,1.13947106669171,1.1472252631671,1.60638861496646,1.11268241311692,0.757145332998098,0.895613158893818,1.54447386098615,0.685978842534099,1.34576662930479,0.836128437988076,0.777770877761572,1.42535078622158,0.551068967487265,0.913398141176092,1.19884158006718,1.17697896961924,1.1114457003565,1.02351233899867,0.9880274031864,0.72462796895671,0.946438521652466,0.802221069312126,0.891754472455227,2.70443125758799,1.43533080327479,1.02225379866978,0.653133646259238,1.34795382675601,1.8217663816721,0.84479469871256,0.856776195487858,0.593267924090279,1.00656748848089,0.967688415599231,1.26755188039131,0.843545413350204,0.850614274100944,2.20902258249576,1.17507370352369,0.811079000275656,1.12618902908866,0.931712205433826,0.986902073625477,1.42898202905409,0.544138666182661,1.25409041775483,0.84512251263214,1.18416689250486,1.01175921960343,0.631289857105482,0.610027133645498,1.36673245584441,0.594012195715346,1.56448741026201,0.684550407584222,0.834996125097788,1.50292015775762,1.23509753161365,1.0017959091831,1.08238420476617,1.02980360096327,1.01999020992913,1.29740509252971,0.782022016548445,0.922428427299231
2.1339776604256,0.928513962448537,1.65046290968033,0.899922902389653,1.22462014085794,1.14246245342774,0.818948633272812,0.85226125651128,1.22666562975372,0.741766563938438,0.880402015853678,1.59357516849078,1.14960759352608,0,1.79253936891486,1.8798576298867,1.09795736217336,1.4963742683802,0.780326099112422,1.2058222951568,0.837908304259155,0.993828138615541,1.88637032796873,1.43418742566666,2.22728325312247,1.32863816288122,1.12583568445561,1.04269701907563,0.731955947292544,1.09010318005154,0.897689633972597,1.07610577682246,2.09882668812285,1.38930438674194,1.00751128293702,3.57212767595306,0.886482966754529,0.703344963362506,1.36474151426806,1.13906295884407,0.996531885593538,0.900721971229491,0.851965813588101,1.03061302254376,1.13738499288091,0.939677048956697,1.15450681028219,1.07798347920721,0.846348365736004,0.91914681403241,1.51442632372072,0.973548453174871,1.15676979958696,1.05912478814242,1.04780497500571,1.04760329954714,1.18032370319292,1.04587200268175,1.34566418944471,1.55945130241265,1.12376300573823,0.736497929337015,0.9689206103407,1.06951736152916,1.11306089680403,1.36105970073593,0.844471561870445,0.897055722622983,1.12000585162119,0.755740354164156,1.13585044742951,0.857696241434954,1.20891147678066,1.13580040115459,1.62194389659177,0.776014252096438,1.30011004673071,0.895763392123856,1.14229337144143,1.15878500160169,0.895161005633154,1.34661928696122,1.30691190684186,0.804156404852121,0.855230131439401,1.14152742599622,1.07689626325142,0.844305906906564,1.57874927241219,2.04288886078681,2.01517070656212,1.81620772169207,1.7949203497946,1.23024043651942,0.890301022989103,1.11141670599793,0.960863854893994,1.30755670049155,1.08781593453828,0.902441341889705,1.39851102312401,1.29450378713198,1.19498297176338,1.11466815703724,1.58891758142168,1.02054116951247,1.96983297413271,1.05377203910249,0.818270924454909,1.56102639770634,1.24649574108322,1.26457323587986,1.03973277394515,1.96834035438434,0.938558981121688,1.97500393962144,0.746529964293658,1.63971792485519,1.884428795843,1.83120088707146,1.79170667181324,1.45701082532139,1.1375552380037,0.918385325407484,0.834289987647578,1.36546194643327,1.13893617499346,0.993520425451211,1.16939297263176,1.46188408861723,1.44089874959673,1.60034150423461,0.905756204846269,0.99541787768551,1.43859787041846,0.916446874838055,1.42352120779128,0.940731693954419,1.31044493935177,0.637093056771923,0.724396198737215,1.22563599877019,1.14621061680504,1.04689349825477,0.681256220108569,0.649839451644685,2.39685285592084,1.33154004838126,0.994754021581669,0.799370353918102,1.41591650805499,1.69521539191276,0.646109159972018,0.601582407974938,0.982551561208853,0.918470266958503,0.607702544446362,1.42523737687236,0.70083549730628,1.14555907139967,2.28548754322974,0.603369759386103,1.05124220182056,0.873478811110961,0.659145748470561,0.997285740187207,1.09996625369228,1.22948373709137,1.52379800667193,0.867212830349988,0.894568812419838,0.86571487859237,0.926449051476492,1.2134246785365,1.04107216870261,1.25125742874491,1.51545337754158,1.02656765237942,0.971312547990914,1.11343458908488,1.02736607348405,1.11598002378267,1.21941170066189,1.02543627171025,0.79312788480468,1.21818961041126,0.980782115592671,0.796387156563331
1.61566967006389,1.97033155559396,1.00866334341985,1.49980646533454,1.50397650000252,1.39470209832723,1.93963608443652,1.24232444934933,1.68012113866724,1.52044337520533,1.90973111506822,2.17357527281136,1.57952807883361,1.79253936891486,0,1.08598674026655,1.81120140814544,0.872688520063153,1.46952655077813,2.02601513143744,1.67293635115702,1.46347682560227,2.02699457042535,0.922333709441001,1.71413684111703,1.30315745349425,2.05588165963132,1.9210262984275,1.87238239278745,1.7250550543843,1.56371810657995,2.02633452939748,1.49101165885658,2.01244393179513,1.21175756058648,2.42274652521999,1.67772367351244,1.90480189395656,1.84011956970872,1.80792150833474,1.48228901687794,1.91131784077842,1.70143509302676,1.43511236753363,2.39621119419395,1.26118069653529,2.01871572242429,1.1083050066876,1.60691522380057,1.42122324587394,2.20525302882406,1.81247516771839,2.08546376077392,1.444809921103,1.31564968285317,1.78436218535138,1.20192973089026,1.65366313296417,1.07791230048158,2.38530600608297,1.91668820687749,1.33288103336926,1.29352616336618,1.22738536005751,1.02991265110873,0.982590098462414,1.63986563074653,1.42625013723663,1.13983712548386,1.37855922120022,1.9885329502135,1.75634799645668,1.05415591369102,2.09685396978047,1.38594381916626,1.73293088685518,1.94942549075717,1.56232396520654,1.53649597818581,1.40808319723945,1.59926196969852,1.68633161495114,1.38910066772682,1.54994700387553,1.80357936238339,1.40821884095477,1.58727906847272,1.52697612448274,1.89992140335686,1.49739096145009,1.31654293924315,1.24400551064621,2.10993595523807,1.36038918174583,1.63867093839822,0.938089407944741,1.73750926395815,1.51364429458388,1.45526981552195,1.52813004389899,1.3398430576319,1.074953697547,1.30822728790933,1.4068791880119,2.26016800640073,1.92315062686884,2.08125162833949,2.14335513976866,1.45479464875387,1.22029617768368,0.907883115173784,1.26306859924279,1.0964434240951,1.3096756700405,1.35349083573144,1.01285358757556,1.53518366833915,1.27556540524635,1.28001424760514,1.90927705517824,1.49741417455357,1.51406652040898,1.97309566000847,2.01073765419899,2.00191065361396,1.805512849474,1.24112229703874,1.52811197469377,1.44297625789215,1.04871594169901,1.85083231901593,1.2108861709061,1.52932332989078,1.5276247777433,1.98644402574712,1.69395832562969,1.62636268846179,1.50570029671992,0.792562222489012,1.56972049792574,1.93242333760464,1.21883966460378,1.9414618071641,1.47979770844889,1.82980148052778,1.67604855023865,1.63317228303371,1.63540641795612,2.08101093901681,1.52083595516826,1.34724686333518,1.6774681379038,1.78470906968114,1.5705298755987,1.84749041716798,1.55461059944839,1.68156055691459,1.10059495163892,1.79645527320683,1.78073844148761,1.56376341186657,1.74847449392651,1.80536389213254,2.10946270233645,1.90571513383615,1.35639287423242,2.03408062252605,1.83336306184264,1.73404987415561,1.63335969797234,1.36635982624652,1.39999747750596,1.61562757935805,1.84261535584399,2.28862766158952,1.94146192961715,1.16699201706911,1.52789744091611,1.30684931067499,1.8221308922749,2.05207429127532,1.42443678779547,1.29087335043589,1.37728670737435,1.69450369920432,1.29683575856461,1.24669709983289,1.85935480399998
1.4982174775457,2.11242300137468,1.36289643855218,1.42660943331432,1.69798787626175,1.51038626844488,2.01715861257841,1.36837571390355,1.75549406982024,1.58685318050454,2.04551018958139,2.25886935414157,1.67220351412525,1.8798576298867,1.08598674026655,0,1.87850872430235,0.662960614892999,1.6992499913063,2.40188894019705,1.80314671719248,1.38038329241316,2.14729424618899,1.28352371904777,1.95046262667862,1.16417514730216,2.24612984582008,2.02323577676728,2.0468495243686,1.88473088044337,1.77572326214831,2.18193689769047,1.76062867745562,2.03926769414097,1.34428440491606,2.02136135441426,1.93012374758204,1.97605883625632,2.11417744881049,1.99315316654976,1.46336463067241,2.05342376129633,1.82677636412148,1.55749428838554,2.51672214209134,1.37183722781968,2.13357169620281,1.3816052200959,1.77071653295856,1.45640996003453,2.28016519933274,2.00064739953091,2.16406999918132,1.53516118823765,1.44847485055658,1.88606804628438,1.33584113424386,1.97036431019826,1.36889410770109,2.60889226703393,2.0468707614628,1.53353615334118,1.37002720247995,1.21817433586851,1.22478106545815,1.04670160441801,1.89360223264509,1.64557228849058,1.44568118227846,1.53039655585173,2.17771331720955,1.84113592024081,1.39418507213475,2.27359860797404,1.38799702045253,1.91842435774169,2.23297383182346,1.60231044995021,1.72301258527502,1.54791627548018,1.77548771325178,1.80954248805563,1.24338256908456,1.77236537702757,1.85264025332878,1.73418479299006,1.83735703738035,1.48743415555609,1.91073527273772,1.34272447796249,1.37924776554481,1.7804239441871,2.25587840095367,1.60001743646389,1.58547807824374,1.32721574407241,1.8258833209556,1.5560552999014,1.5906649725959,1.65252266565383,1.45063415362001,1.24613563077214,1.55667797653644,1.57930783080152,2.47887159591703,2.03611161209931,2.39741733193842,2.2866738218559,1.40413367554931,1.6182544490385,1.14720684118591,1.38229240043119,1.17804254906972,1.33092219419243,1.39755372526737,0.722082039125391,1.6960240774195,1.02604063023965,1.35144934917847,1.71287249440849,1.09834108383862,1.59225182137055,1.99424972836552,2.10361943607694,2.20845307181079,1.87630145856217,1.46375750697714,1.78620765356921,1.70215077747878,0.705518904923067,1.89542541746874,1.3939238004233,1.73627266650509,1.68828968587259,2.33472697645849,1.71310306687436,1.78313860918409,1.76300295549884,1.06820010627866,1.65776400864339,2.05946062115394,1.06915413640851,2.04142663336837,1.75511946004951,1.85814898627616,1.84147788170791,1.81944883136549,1.8382906891829,2.21616447416758,1.61971019405368,1.29151382165624,1.82737489338641,1.85221178986594,1.59214908924498,1.88165112050679,1.70432050393652,1.91266385963018,0.978828326567927,1.90401977489681,1.83700504087381,1.61741393680019,1.76776476967964,1.96830976452339,2.22651940772054,1.93841233087581,1.67395262770061,2.31727629351712,1.71635639401565,1.92903472706982,1.68386788395934,1.23220607315248,1.45440840632612,1.71424650037159,1.91345058825731,2.43790148523254,2.08657801942217,1.32099006274986,1.46485526595902,1.55865092867481,2.06960821960616,2.27053134583301,1.71042902981959,1.51492568129802,1.50629191401212,1.8817686899357,1.57544652759697,1.34481727249601,1.91032899192377
1.74200488511318,1.04975071202396,1.65580169896973,0.794322671931199,0.995371999599188,0.764747230129322,0.601581651782169,1.15331783604435,0.502468442924204,0.943505973611607,0.74365001949646,0.817293665093386,0.520910279738831,1.09795736217336,1.81120140814544,1.87850872430235,0,1.46940492453622,0.960050119230617,1.60552171801018,1.11672196971526,0.735720770260017,1.68308020963649,1.60319348057468,2.40738065420011,1.02835921180804,0.788917194779136,0.489168725806682,1.17060895428357,0.641633206943855,1.19795125349951,0.894896078974658,1.90094194325044,0.900055851663934,0.926133003491024,3.61414469796874,0.774408060498452,1.15947862010068,1.05131681412542,0.878662213119602,0.639034051815297,0.922878701774803,0.697041364311276,0.769140197293867,1.30546637605064,1.35633449030787,0.503586647192258,1.36142711117332,0.965239071194828,0.976868499378385,1.0625083527653,0.891067400796901,0.764902271222422,0.79509436684133,1.36592706945215,0.41976727566387,1.10381845966625,0.815741023515704,1.15438209984976,1.66989849274635,0.667041313599479,0.918672673924052,0.753612683175575,1.1722464363724,1.25823594872999,1.63951553067842,0.925477759598259,0.825707516056238,0.994414381804517,1.04593739201979,0.86891356669272,0.484040945189262,1.27435482256931,0.980544396592135,1.33135358604748,0.812022722876454,1.34100541633809,0.62449311256537,0.785695521308847,1.18671754293781,0.57534892401471,0.702660985624345,1.53845825004627,0.831613749980435,0.664996343177188,1.07531413851517,0.989207530728509,0.838409188435255,0.784819830050716,1.65827035757238,1.72806567156198,1.76912418984922,1.26952752087225,1.4665714229475,0.724853924889156,1.21725397832725,0.447538187686059,1.29013779294146,1.09637801402586,0.855359336089918,1.35266675016297,1.44463210065648,1.48375813556001,1.23687543714417,1.22788405754145,1.14865740846634,2.11093226813254,1.17399057551113,0.803161200826538,1.61739122522615,1.48046999666175,1.392574197063,1.39125522408811,2.25319071786336,0.847756974511297,2.05366067439272,0.880347606870606,1.40405931149546,1.89168492115111,2.06306663968169,1.54609542792259,1.49572940644656,0.660938856115434,0.952346220977564,0.940691241858178,1.47165469050316,1.19875556201382,0.7159357144005,0.994132928774412,1.72592845677259,0.498509702870973,1.43434072156078,0.985460442456883,0.764300289932057,1.23587126444416,0.673737236068067,0.839901192009021,1.3044739937083,1.34325566827065,0.965898518920291,1.05042161597382,1.10858213231458,0.466560187253742,0.879775438814824,0.651806381614861,0.753433842585704,2.80576278895771,1.44264471149663,0.775964495266309,0.530943767676349,1.38868820770244,1.67392087447478,0.861021452906806,0.896559641595858,0.517032197168475,0.879020361585235,0.851624753967988,1.42147640345812,0.58487045297393,0.633906108528543,2.40832701941472,1.20045705655846,0.600236093208711,0.941639792660249,0.755759098635226,1.18656087850095,1.16043825257428,0.540484005195197,1.09430647734696,1.03423412592272,1.29416941792249,1.19025415777445,0.549596022789593,0.397923262468338,1.10678546507934,0.481733323453347,1.68666950686788,0.835778711179662,1.06246135906721,1.42700335474839,0.980246666729678,1.24241577074527,1.13584197662861,1.14461050118722,0.857004769202676,1.51968586219288,0.978913658643166,0.762619998560591
1.36080953637169,1.60637652960082,1.24136781721688,0.982364487617298,1.30521937685158,1.08122863728235,1.56091907750146,1.07073278702313,1.35492023372925,1.20291451698251,1.55850100899193,1.90444146468829,1.20417451391296,1.4963742683802,0.872688520063153,0.662960614892999,1.46940492453622,0,1.33912614385957,2.00869871668503,1.30718129121009,0.96248046516828,1.97460481918016,0.962763389048371,1.76276776333914,0.930979130559256,1.81422163156903,1.56572411284534,1.55426053296107,1.36772629112688,1.4696490857557,1.77939548560561,1.68778708694264,1.71318208445398,0.987128914426701,2.51687583743455,1.47478773457932,1.50320450133168,1.80914366937249,1.6158903195493,1.11981022117092,1.58475486464607,1.34300764615898,1.27044232558535,2.08739833800079,0.940581468698588,1.71431720294912,1.00112561667911,1.4452983920488,1.00599607549572,1.94523083148011,1.57797278041495,1.76876308694256,1.19256139085013,1.16363694253724,1.46318695328871,0.964700199591627,1.55479490457927,1.00481419201246,2.21958770589612,1.65297558638793,1.09805111292027,1.02758780721813,0.901489201508432,0.899464139967065,0.85630757392803,1.42150590363441,1.17010914306732,0.925165016744519,1.05496297129956,1.69575897524885,1.36177174102083,1.11896117747017,1.87852285055066,1.30122174707449,1.46252831843097,1.86455278583688,1.15940039660366,1.34497431316484,1.17811299754284,1.32187654883143,1.48942505867496,1.08730512068567,1.36337779502747,1.39306142063895,1.37797355503232,1.49518315854743,0.997916530034205,1.62257850834459,1.26763774288275,1.30562417443071,1.57569803975069,2.05918802063319,1.25134262934024,1.18263742472934,0.981786855553251,1.35382970552933,1.35757503954929,1.20241270925009,1.21883716448468,1.13590477727583,0.901639397325968,1.10940606631407,1.08793622803457,2.17838034719346,1.52438763287102,2.08633597883646,1.78666893880459,1.10321685592168,1.31702390422364,0.935290853501812,1.22686073112121,0.781195213099592,1.37593719562839,0.949594101596906,0.840909694136919,1.20263447470558,0.953971944454061,1.22024241876722,1.67119930114036,1.03785571334611,1.33577657471534,1.62198229806379,1.62974240743146,1.76299799515672,1.52661307374891,1.11058715416404,1.36453134920614,1.26549354349358,0.737414885378911,1.50710486182704,1.19024914878832,1.17791606115681,1.21810891469086,2.01107087367456,1.20768378218693,1.50093365309881,1.36505377756141,0.788718596605604,1.31424776705281,1.558134043627,0.884996601422947,1.5754349825127,1.29360527445974,1.42287168150285,1.40761000123706,1.89356039138156,1.44204043920529,1.77167184504461,1.20566136180296,1.09609739921912,1.70659312016044,1.36649165960392,1.14523566037914,1.4103194461269,1.32892369644556,1.4816924293974,0.802337778474901,1.46896484438375,1.43305601328364,1.62603223300953,1.35409467953111,1.55574324049915,1.75383718217271,1.52472109430207,1.18736532215525,1.95375236187447,1.35979174944186,1.68115295597978,1.18144816500016,0.937774876814852,1.01786388557806,1.25589932107839,1.55109995721215,1.99731935630217,1.64577485016258,1.17189331247879,1.01554604427549,1.04272496297551,1.69787399632008,1.86860161246475,1.232264945434,1.13920087113031,1.04649464915029,1.51668446945582,1.15946009418132,0.977620163187747,1.46733627887972
1.87205879904106,1.24293425930607,1.33788839279116,0.93598911891223,0.983038764361405,0.979404532243128,0.948729032615674,0.734468519912379,1.09239104726593,0.733442590261555,0.926596157124412,1.42460346898473,1.09731353387738,0.780326099112422,1.46952655077813,1.6992499913063,0.960050119230617,1.33912614385957,0,1.1589760530992,1.00364933372971,0.965164779954775,1.63725682642377,1.10636206239795,2.05839586719527,1.05329816844697,1.04288384452156,1.04233588256065,1.04637253749549,1.12719623700954,0.657988999787876,0.95571451435578,1.66673587123128,1.21676315732398,0.849309562587671,3.30826701983829,0.898723235244995,1.14927943880664,1.024695456397,0.813189893643253,0.802041972329469,1.08232943080256,0.921363195525558,0.81803391616202,1.3738686019136,1.0209895977412,1.1328773074268,0.996432876504693,0.617039209321912,0.806792371321196,1.26791276602257,0.832476782860649,1.14687714139947,0.864854816520315,0.803012492899735,0.961591602920367,1.07342390177689,0.886793981449751,0.950112850574847,1.58115945371029,0.984803313391141,0.755548354707349,0.759461819474407,0.854945727439751,0.988530497399799,1.22540898876414,0.97669531558695,0.891724419126674,0.919825047314816,0.866701810100366,1.14982192723966,0.917946693665115,0.919835204868193,1.06055214053042,1.33659425140502,0.82091024444332,0.958595337841565,0.881351727820415,0.843016337262019,1.05675911513693,0.882672784444945,1.04069606775992,1.21204204133514,0.692814314641394,0.973189851644366,1.01087864149914,0.755125688228242,0.919608067749798,1.32645305781183,1.70693173488234,1.63625221398339,1.45049465713068,1.45282967125865,1.16784561157622,1.00623053965196,0.811997427198981,0.959051436957254,0.967301245849978,0.936096474412165,0.974592543821561,1.36212162436307,0.96877682006388,1.31035892599759,1.16382161891095,1.39540591625256,1.30766118771176,1.70589614962277,1.31178932745563,0.81272161844772,1.42711436784599,0.970931213591571,0.853035479823829,1.06887033211892,1.79173706709972,0.86420196592579,1.77321458101046,0.778622138656455,1.4514263247708,1.62602927877582,1.81432257091313,1.5606182917931,1.18269474188486,1.10518303543717,1.10485663179187,1.00442836119467,1.29069796204829,0.877106290288172,0.859319987780357,1.06003442259006,1.38736638735407,1.22376398441672,1.16265749403455,1.02852328218553,0.933208322798206,1.28582065664878,1.01395175009832,1.07275032006986,0.862957811417609,0.978457549592332,0.624398517301934,1.12077829239988,1.03953406004048,1.10765633083421,0.894909225600071,0.864712715540217,0.689379035067613,2.17553796983629,1.22642870073674,1.15108924705873,0.693312451480216,1.2752969135701,1.29328392439751,0.993145384455865,0.831116440889357,1.08878471452435,0.601604164177684,0.684825177860116,1.21571622134635,0.72351363332379,1.00745505533284,2.04050484568882,1.02637137230421,0.971623310204403,1.13822043364248,0.875162668627181,0.930338903744501,1.02706401923607,1.15983841272165,1.14051246429689,1.10273675817351,0.945599495455942,0.993309206014096,0.908998461756646,1.07354636386166,1.24797455189414,1.22812680628714,1.35939307265122,1.02464540842434,0.975088986426985,1.18466362012742,0.924526735143377,1.15189477224404,0.930334551721822,1.02808272171984,0.529797828442881,1.24104958559753,0.797842708028907,0.935752644943831
2.65514458844756,1.31158602905662,1.97830728222944,1.54773590963056,1.47324381106245,1.56663938140258,1.44873606939904,1.46879576485353,1.6094334726347,1.44740591844288,1.14843078270091,1.88178955397966,1.72516107799022,1.2058222951568,2.02601513143744,2.40188894019705,1.60552171801018,2.00869871668503,1.1589760530992,0,1.32812081335998,1.70068782603481,2.22878540889275,1.68739687965309,2.32029918820631,1.93321570810636,1.20409759466503,1.40767520887218,1.15996585566238,1.45760237047106,1.05928154305626,1.22673986711461,2.16270050117478,1.84541546553024,1.63642520630484,3.97822871121808,1.15262843026593,1.37419510227968,1.3081103099606,1.22773345791726,1.58012857484108,1.26561815887657,1.33799169476724,1.61041832996928,1.36605567354535,1.56696633250012,1.54002784321733,1.62074533215946,1.16653868169704,1.41223123756659,1.80845368086691,1.12006311800337,1.49828099539806,1.66413197949207,1.57908798399476,1.53178111248951,1.52811302403199,1.12838686854196,1.76265636871936,1.47828976784122,1.53979853895643,1.37848155656011,1.53777045616197,1.60473757544181,1.70699892507515,1.88619867953407,1.26086565076175,1.50076519954118,1.47770762307495,1.42737948960184,1.31949720237758,1.37876124376101,1.51602640108186,1.32487262081532,1.97714349271801,1.2363930514158,1.04213759660618,1.44862679884542,1.49610014851226,1.66354290932578,1.31729619192628,1.71531020744587,1.91785289069798,1.13703073871312,1.44597828717184,1.54898721948616,1.37681644939377,1.51694314792627,2.04871434681337,2.56347647872134,2.50803205777171,1.91317024251781,1.95897610777305,1.75883206180058,1.49366708170079,1.47717267335462,1.48895498680415,1.84377809624152,1.44592145756402,1.50158000840553,2.00998090271687,1.63641168342942,1.84513459612585,1.64789005829639,1.59210267967711,1.49405836857682,1.81665121678068,1.29447477822721,1.38370493260906,2.0281313062031,1.72568887636069,1.56875049323736,1.60211307892325,2.3846073200711,1.49851100473404,2.46830550157444,1.28173758676519,2.14215918148786,2.27447081377707,2.52096280181563,2.39534088337865,1.84180025756342,1.70456776256011,1.30562352869846,1.04439250775359,1.6182245612286,1.40515140308587,1.29941421499664,1.53212786556801,2.013782280144,1.88962969457566,2.07343580784107,1.3872303910773,1.36926642536,1.33837782149789,1.54068726713873,1.74721610176689,1.21436446750078,1.82476167098902,1.14441697340529,1.29210228476142,1.79046800673775,1.59814516406588,1.34828156224236,1.38661632405645,1.16632922350799,2.53876881637765,1.79999686099781,1.34484250936204,1.35328389864711,1.85939694131267,1.9876866573435,1.35419672351549,1.44886872311717,1.59391795588724,1.19547030047312,0.991539683707952,1.89892794563624,1.32311112966381,1.58678850546592,2.85388396302517,1.36403156526775,1.40413531651241,1.25720922852342,1.38662083366834,1.49697426105095,0.973037024655903,1.83999487021958,1.58431657272333,1.5706394502635,1.65262205206313,1.62404957929301,1.39937007990435,1.69097927349565,1.27445581933672,1.62982009215366,1.72270650746884,1.70947105571895,1.41851833216502,1.09601950700363,1.0781845845059,1.7177243219666,1.57388426956776,1.56172514624524,1.02400129865619,1.57348464667635,1.6560819752839,1.38974747496262
2.08422376779931,0.655454359716862,1.68630383494907,0.918454622465321,1.01044132276467,1.03198119962394,0.966595508538403,1.06549905157102,1.18367575018128,0.675516006210955,0.815233760656254,1.6440633501931,1.075865931621,0.837908304259155,1.67293635115702,1.80314671719248,1.11672196971526,1.30718129121009,1.00364933372971,1.32812081335998,0,1.04021476233887,2.07096975450657,1.24881819697355,2.01695509607912,1.27875466732354,1.20350255511096,1.13673438965449,0.504934546485413,0.838897288053377,1.22219066484075,1.35383145833365,2.10881097937303,1.37950720924132,1.18974680429221,3.54808180839483,0.776067125263681,0.635432018062093,1.59181129079699,1.28356239237297,1.0039413300571,0.765406731175724,0.570877857844389,1.26106636161249,1.26328146428145,0.822808529923926,1.30390487018804,0.984371991254953,1.1041715523858,0.6245722728574,1.66825364933172,1.1897987231287,1.3359923537263,1.21598900246702,1.1529715767257,1.04009708009167,1.04938957154251,1.15056512172846,1.1471945480007,1.60745040681943,1.19895739352406,0.877785166937844,1.13189430653004,0.911545520373046,1.20335882217182,1.31766297674916,0.883061916771783,0.828567756553141,0.810635198615032,0.652546941528955,0.915006954463955,0.776499048779251,1.42778283537778,1.31371267350359,1.82249701511365,0.851562258378903,1.50724715748999,0.808230734247087,1.08119296850145,0.823914029173856,0.896492848213053,1.49228134104635,1.35249953173638,0.905972647724306,0.653947504717242,1.34579459075241,1.28306264970559,0.80186890663764,1.64632635029468,1.84558402786159,1.8404711763272,1.8899527494592,2.08464926180346,1.30324440965345,0.905984194123548,1.17712440990295,0.821910353441784,1.50763679747749,0.753823459088995,0.972019480094242,1.35351748133253,1.18408233403999,1.05374930286994,0.676559486815303,1.8986266097959,0.594294490525564,1.95967601221901,0.735523318164876,0.979755469932494,1.5935498278181,1.23903275133582,1.48146926075765,1.00935978404291,1.8772750111383,0.811989383754798,1.90383514995443,0.600685624175507,1.60045659839114,1.58054692482678,1.84571612552192,1.71735970163103,1.24435853615337,1.40965906126507,0.761099850922691,0.908251415091901,1.27157954937264,1.03660768623506,1.10770030252338,0.989320036399992,1.45433449964766,1.40928801103203,1.5324425056116,0.534229195970087,0.623744927790266,1.66066191214429,0.687410147638875,1.5796219182127,1.18959409096227,1.33547535206539,0.911812576324256,0.646887491411111,1.36438111457759,0.987759494801602,0.962456449446582,0.926929217310786,0.73748621661765,2.41493892962254,1.1313795481625,1.01633827079847,0.876649125013117,1.42496673124977,1.93985324603062,0.601985470087085,0.634389245232526,0.860591469014884,1.1481638873055,0.805247272854199,1.36926003527333,0.899852594424044,1.19522993971946,2.1478732947018,0.589566230688561,1.21114757174132,0.851104820520062,1.0131125378405,0.792417146989851,1.38680952596673,1.25757470163308,1.72473124225841,0.60104947065171,1.06413942510651,0.716016568376004,0.752305758744646,1.32329409105214,1.17679337059088,1.23890409498386,1.67582062632483,0.985760528027121,0.762789253835042,1.16134820129622,1.33805937826285,0.957841820026906,0.993855995274063,0.726742712284985,1.12641932559345,1.05638011126418,1.10415048353781,0.925639650551405
1.35673373380785,1.09384806079743,1.50058092842375,0.469221701782824,1.08037233353678,0.817421963761288,0.789289960541377,0.876923126574135,0.712072159601945,0.766666851495313,0.94920010906238,1.17160191533227,0.587087463034504,0.993828138615541,1.46347682560227,1.38038329241316,0.735720770260017,0.96248046516828,0.965164779954775,1.70068782603481,1.04021476233887,0,1.51341991695578,1.28853463063651,2.20623625686658,0.657748775822138,1.16136627337563,0.840609225018136,1.16876462853529,0.825454266891713,1.22302041143263,1.14276809587382,1.73642216532239,1.07123776534566,0.620153003737712,3.17298984070276,1.02667240226148,1.10142117281083,1.36401940862655,1.10308841769632,0.584021808727904,0.958316897404996,0.785096420465677,0.812846244743033,1.47089749600644,1.03938433372991,0.943935384679038,1.03250936760074,1.04562035010591,0.72967440594518,1.35526197128249,0.937066248107576,1.05971870898167,0.658688871812807,1.04602742649322,0.741409085351284,0.877223990750054,1.05796393316419,0.948826308566644,1.84943234347502,0.904324773048545,0.813576872835101,0.577132318190992,0.84282458600192,0.964154320958519,1.19740121537715,1.04937632003308,0.821520233766303,0.817435004512228,0.829925070190372,1.12610687624399,0.688809048017978,1.13580656908169,1.25578531624157,1.29588678232868,0.932329542614636,1.47651212415173,0.480518461569366,0.904906268408472,1.0303056129215,0.80321822350384,0.947058796846344,1.18737736806373,0.899969289381152,0.746613692329768,1.09866174940959,1.09856381799197,0.452147330696006,0.996458389435391,1.34141577077412,1.46168678512791,1.74295025830565,1.57322325606683,1.23931592762895,0.699308911392687,0.980468681267137,0.691777278530517,1.06547485110735,0.94656251010445,0.842243810878505,1.13869227557421,1.17025216260244,1.16708444176069,0.985788825271049,1.61316295694237,1.14943661860147,2.11179861777302,1.30774633275299,0.661674024935279,1.46019461541551,1.2061349189968,1.16930822597388,0.904700487338396,1.84134439225343,0.522624393696567,1.53351291536139,0.872169870285199,1.08658717968629,1.56252535347803,1.71971673612718,1.24333299317372,1.25070554809309,0.782070476936348,1.08838578773995,1.18831260919639,1.4189739293638,1.08472010644346,0.948231562831907,1.08255568240401,1.27330459961208,0.874972815746964,1.27563859080761,0.907571744907911,0.802041992406633,1.58309116529893,0.621395071249761,1.07010791357298,1.19313534770636,1.03860256629876,0.950955081774596,1.06844714170587,0.808313563536831,0.885537369836995,1.01199155856504,0.665833723366487,0.859956286253015,2.42522614500168,1.38666138236162,1.10206116108211,0.572799648683518,1.17376672230516,1.60819642124416,0.804988568878135,0.646780520803613,0.677383194899408,0.918809677410201,0.94035716842323,0.975964780159764,0.789383822337767,0.817962016278142,2.02150406983722,1.04360597455941,0.967223014590799,1.10323251886356,0.840923118858736,0.955354928131936,1.42443446025599,0.61114068182027,1.28359825106381,0.831213287737668,0.871629657739121,0.857013711575802,0.688939953109613,0.809124832567015,1.35218671049783,0.996308482802765,1.39713834341055,0.368996716945086,0.902310211787504,1.32589862990532,1.25319518850321,1.12203148604696,1.04780795617335,0.906414329714008,0.997740582463188,1.27184514297054,0.676918669552669,0.831413486639874
1.5160244173665,2.17995119879965,1.93881238486683,1.70594392852608,1.79193810219837,1.80157465107619,1.78647785756038,1.59856592843969,1.59803504563486,1.70396824894284,1.9423381700558,1.42657308978392,1.72001087302879,1.88637032796873,2.02699457042535,2.14729424618899,1.68308020963649,1.97460481918016,1.63725682642377,2.22878540889275,2.07096975450657,1.51341991695578,0,1.78676893165481,2.77665519532293,1.40329560704371,1.79394267681069,1.86410885126971,2.18320643672722,1.92525641186222,1.8785801662151,1.81261261397941,1.36671012328116,1.32571642791249,1.50195099405912,3.28483251100492,1.90990695636565,2.26270811062685,1.74651868014208,1.60702967384264,1.55435322851975,1.77764571778657,1.85373765042066,1.49152134898814,2.14456329140657,2.12824254432179,1.73439179685191,1.84178095789625,1.7193129939105,1.74314680965644,1.61889645328562,1.58637196943893,1.70775512262728,1.38401571732325,1.54074609369457,1.63806666534425,1.68790209021383,1.68322001431216,1.53434847786653,2.31629484932632,1.37437979679102,1.82041420578653,1.52284347555324,1.64675269879175,1.83442357362176,1.8065671501348,2.12859036526798,1.93904658298877,1.70238404453794,2.01783800333279,1.91590379727575,1.77478868085117,1.80620191449865,1.77484362449387,1.94575541877748,1.79638197487186,1.91695805012034,1.59733731020339,1.54783290266752,1.75308884405781,1.89094699414821,1.4725771973166,1.724186788293,1.65344814332711,1.72870779633648,1.9007401540923,1.57602251468855,1.74356932879048,1.46008402165368,1.55547870546524,1.63960094398377,2.19887336361699,1.61182744105719,1.92915224424846,1.97058544387439,1.65043481143371,1.75565584758685,1.22274924283672,1.73518843695026,2.02655670346323,2.07997576132021,1.94813539136461,2.16189794262164,2.04701869149159,1.85065076344193,2.33801872842989,2.45682031702316,2.28110942872788,1.71828545174707,2.18824137462689,1.95135612105521,1.73483945370626,1.83885285335845,2.32689388421705,1.50171060081492,2.14932525284827,2.03576591328567,1.55368781464091,2.11326741274725,1.75983218467268,2.03810438759226,1.51953247612457,1.50909335628993,2.00055385499051,2.02591471650327,2.04172824919523,2.00815228190864,1.84594865935879,2.16987330660504,2.18844309808051,1.59838647697375,1.73289846647181,2.0874786547175,1.81798106806272,2.03594324698045,1.88869505489733,1.58263231957719,2.07183080329644,1.84761129137729,1.83190336635986,2.23107393832279,1.79196094831363,1.8738129525485,1.84864377706366,1.73229273734923,1.77774335843343,2.68437246840145,2.35568049658261,1.87981380246271,1.57736704995558,1.72798489197813,1.76836280728096,2.01631003982583,1.72617867859644,1.73967516409761,1.6524946723169,1.75773930904901,1.69752529595774,1.74660776830795,1.5619273457356,2.2609643295568,2.08652336262281,1.8418951372713,2.02094793040522,1.75453470305368,1.78431411874157,1.84647024926598,1.58898408212729,1.50040598478891,2.10172358449507,1.95171722829618,1.97114684195713,1.71670061436066,1.54024105709672,2.09021018993502,1.93706333158246,2.02458665932006,1.64532984820638,2.02700624204823,1.80924847835751,1.84559922119213,2.21703752678147,1.84156817123462,1.8188459300182,1.75506643244257,2.2552981590246,1.51284403267268,1.81038424627974
1.70604559742892,1.65320148091103,1.00460391419804,1.19966735306442,1.10143600536,1.12643237696706,1.65994253456241,1.0700526556537,1.50651499262809,1.19785808268294,1.58886535125908,1.96198546924895,1.47397018151645,1.43418742566666,0.922333709441001,1.28352371904777,1.60319348057468,0.962763389048371,1.10636206239795,1.68739687965309,1.24881819697355,1.28853463063651,1.78676893165481,0,1.37987346087245,1.15653670937705,1.78392253299894,1.7119082702258,1.48768164301253,1.48458801436314,1.2257806797684,1.76426695073904,1.41705882597099,1.67472910827439,1.15785549328288,2.7141993710284,1.44379115399289,1.56688310084436,1.71800913723949,1.484176588906,1.26807147136039,1.51829568101275,1.38956327511934,1.31328965446043,2.04487196261062,0.970674439211857,1.84877260864492,0.752828136773485,1.36058678229215,0.98839332558277,1.87714141502046,1.48671369874029,1.81884596916217,1.24908231744264,0.766056981531308,1.56666909240169,0.930571569735415,1.45219354651125,0.878368820638892,1.95954219402729,1.62603771956827,1.08080006125758,1.22753082493954,0.815261144625811,0.898560935089356,0.826713866949143,1.42746125065464,1.26516344996146,0.814402537093451,1.14698793913048,1.69174531607409,1.46451807414368,1.11234394535623,1.76776964687662,1.48504776788942,1.35758042199095,1.63330012153988,1.28277882389402,1.28031385658465,1.0589665541637,1.41313394756018,1.53498940596786,1.12180831455038,1.26664633935302,1.46309068047758,1.36832065703231,1.30782344996381,1.24351183527414,1.81198596621166,1.44655677942042,1.35793170962615,1.30329839697668,2.03145980166935,0.979322788392994,1.43249349579454,0.693028082034185,1.48648618075788,1.21607420853007,1.06018286062066,1.37882723534647,1.29696850878271,0.601713174274606,1.17055004984044,1.13265464351872,2.09541276684204,1.62901591326027,1.64252158659547,1.79455073003915,1.28713052916805,1.24851660504837,0.808199288400025,1.15687211102078,1.0124771785384,1.29049291923298,1.012145452663,1.30003840328404,1.2171144749036,1.24771593895683,1.19830246325762,1.62037115283846,1.45383071408416,0.983487606447616,1.79472285459412,1.59393398389795,1.71243966667616,1.31725835589983,1.14759237636331,1.3475933134391,1.36066891016626,1.11586274992087,1.69754891059166,1.08204937589498,1.21628787374271,1.21925861996158,1.90597531734079,1.40598029713666,1.55642718193131,1.27811883239123,0.90088777863438,1.22966482903781,1.60729701235029,1.1781263314412,1.7199951872674,1.11919368996782,1.51795230145582,1.35229583829217,1.48842244730452,1.45393668598012,1.79378651911697,1.21619622414255,1.21860044031726,1.5304355582479,1.48251194820292,1.1920422892143,1.5798946020665,1.24268153543983,1.3719189491671,0.991954224010246,1.51062506678728,1.467236524476,1.55332348338034,1.34799075384011,1.59212057963469,1.77983242868012,1.5559761559446,1.01605429809008,1.76000750532213,1.61590646194584,1.64614311027177,1.33123693236108,1.14672887434512,1.09125410203511,1.35043708827356,1.68974513099878,1.97417514452128,1.80924620193622,1.18177904813777,1.3304912285908,1.05939537169645,1.4114095187147,1.78373218196047,1.31329350828608,1.05705881555664,0.959748276268405,1.41498086844902,1.06762051813461,1.04722829435444,1.49047113581514
2.6372164435824,2.33626024772312,1.53303543734959,1.93195549271003,1.69980506741339,1.85103395218363,2.40685897480963,2.17972030991363,2.3502690273375,2.18972741190701,2.35499791834661,2.73298562337857,2.35521067656346,2.22728325312247,1.71413684111703,1.95046262667862,2.40738065420011,1.76276776333914,2.05839586719527,2.32029918820631,2.01695509607912,2.20623625686658,2.77665519532293,1.37987346087245,0,2.18129839060265,2.54924006387148,2.4470023405713,2.10415741555032,2.23846763753627,1.8778168304172,2.49952679556519,2.10407031575263,2.48802242289074,2.21471754844315,3.09011835676178,2.27602215114458,2.20489315280175,2.55310406983231,2.21012799447338,2.25461631876646,2.31025359307518,2.15194544360841,2.27007358863615,2.59705397954975,1.81993634571381,2.61291644555215,1.79325697288829,2.22674785762845,1.89401063455851,2.47781375899114,2.3383323474621,2.43736041768164,2.20663481270215,1.82625350310866,2.41547174858857,1.75373344722947,2.2644428888433,1.99049644956966,2.18784144149574,2.52484949644774,1.93981101384612,2.12914989253076,1.79033962838948,1.83885447318244,1.62475059189073,2.1698267561268,2.16118083731918,1.70495225062852,1.9838457871246,2.43090736169149,2.22882614489698,1.94801343732458,2.39934336345716,2.04512156603245,2.01261517823684,2.44222396040652,2.13896096271443,2.14685268233314,2.09843592566479,2.21344265371719,2.29990852417209,2.13611091820188,2.25482135738423,2.26280274890855,2.23167471765602,2.0220935716836,2.06540777290845,2.6935010656521,2.50096651847704,2.36712911049371,2.02975861099272,2.70779807761908,1.55146777505723,2.25776474207555,1.74494682865193,2.32607564750691,1.99446155139359,2.03806340597331,2.21510603169809,2.10364223577367,1.36544818685245,2.00489547785646,1.9205233811223,2.72422023341237,2.28896412498062,1.48959876567505,2.4278357115732,2.12356243589668,2.01877158591982,1.80410776292258,2.20261889562724,1.80391482741638,1.97386806723496,1.86947321292512,1.98453265715697,1.92930263187369,2.15614648474783,2.09041085569134,2.52773473042669,2.21565353936933,1.8177867166025,2.60028508065918,2.14049756102383,2.40239105584392,1.45512813207541,2.05547726851379,2.06316066682381,2.17672764493455,1.86058587410152,2.41429318529793,2.00936347143748,1.92505301044422,2.02970365521698,2.63294845302696,2.22223338328002,2.39617384518674,2.07605394219379,1.84211847223431,1.90952774556895,2.2848960163783,2.00984329447569,2.49364427749827,1.71972054744139,2.23409917106004,2.13534842198488,1.77844705666994,2.1338728582273,2.51858697015226,2.06548050115695,1.86417990690682,2.05888847810612,2.18267935674508,2.03779115052857,2.36276064224684,2.02943344009899,2.2149207958373,1.86611239564073,2.27700690827274,2.1095510638073,2.43605765000713,2.02800674149892,2.23308756549911,2.4306914780139,2.22404770821684,2.09472045900441,2.41286192894865,2.43593458484473,2.40801625854947,2.10082165615794,2.06637880022342,1.99070487543679,2.15022896930054,2.53608335886862,2.56847943194938,2.56584033078252,1.93359688247413,2.20486569513042,1.91503223990916,2.17315726068192,2.52493852801886,2.17578868513592,2.07999454134481,1.75275486857365,2.26908673803036,1.79594887869271,2.0889303096758,2.08703383924472
1.25014220027426,1.52041245154889,1.27335567818851,0.913956803196422,1.14755633963997,1.00802448627585,1.22637181443444,0.915968585733944,0.948048767947552,0.890034902553709,1.30153023119528,1.346755025695,0.904170949549815,1.32863816288122,1.30315745349425,1.16417514730216,1.02835921180804,0.930979130559256,1.05329816844697,1.93321570810636,1.27875466732354,0.657748775822138,1.40329560704371,1.15653670937705,2.18129839060265,0,1.44194635111483,1.25312974953747,1.5286533116073,1.18159828985798,1.41769274127231,1.4229633432165,1.55273554268678,1.09384621257501,0.764612650884364,2.79415916796462,1.30265878615218,1.49353202229855,1.46461826941305,1.23633117368824,0.592648794529913,1.32566749607301,1.10937001047483,0.812903174632811,1.83657389124327,1.19038755482017,1.31222324745838,1.01372385223408,1.16852711700348,0.832256207216689,1.5340610553066,1.23075627459888,1.38310673776025,0.730861478947391,0.921935324593574,1.00529608914835,1.00938302655525,1.32196240998385,0.689142370661028,2.11824737319418,1.07699458687245,1.01552112317758,0.690031819156167,0.799966880969255,0.993185563486646,1.03215178623519,1.36388974380501,1.0577959618013,0.907175328553369,1.1153770628292,1.41577296739157,1.07182288138217,1.14911447787279,1.51332280203653,1.26914890917767,1.25491613630432,1.58495289219594,0.871103533654133,1.03177945136258,0.953552537560146,1.11754584340752,1.05358237812444,1.03822778228013,1.07627573443677,1.05772185727668,1.21385306072607,1.26133334312893,0.941898149223089,1.01768015470723,0.888487026068485,0.984364329178357,1.58976793297214,1.59130158567521,1.30485250332881,1.0761520868198,0.947109388259896,1.02257703087398,0.971491920233418,0.949349870860496,1.11264345502149,1.10559973311667,1.09929388400587,1.27240499779096,1.14382338142864,1.8084675346521,1.51074751506384,2.1725476341615,1.66507035279312,0.899652408379194,1.40297715193152,0.993924591753498,0.994960140505436,1.10196042669455,1.59499086369873,0.770573062385474,1.3160701749829,1.21087839956812,0.909911307701501,1.37553195135442,1.51823623889055,1.20437230246962,1.05685008997088,1.15901738283032,1.45166020298389,1.54400483698536,1.56871478187404,1.13700131270115,1.23095804447882,1.30285463654685,1.20050603750358,1.06834578092047,0.996373980855119,1.24802504271808,1.01004679894168,1.76083347188231,1.02294389884341,1.09539912151258,1.38144102353759,0.916350890203612,1.173766769486,1.4891222289374,0.870123246833876,1.23423177045845,1.23575591802397,1.1355314180802,1.15423402640585,2.3112392072716,1.57306087699039,1.4548752864218,0.881328173213746,1.07950678615816,1.62203113929281,1.24341674804693,0.972167575955236,1.06214518255271,1.10404340274633,1.24996066237019,0.859241401350075,1.18375426241513,1.0729337181677,1.69559780686953,1.35524539728941,1.28662550364883,1.51776672711705,1.26487316310219,1.01562185301411,1.67724586571476,0.864647506425998,1.31300602770901,1.16984321786141,1.10325936183808,1.04164438978076,0.965949552655036,1.00722669346629,1.7281227709094,1.30750462071697,1.51953979002893,0.814889321325992,1.10258469599718,1.59306897064841,1.52790419043487,1.3018050529036,1.07040704214477,0.988375727633701,1.20469034459477,1.3710682077226,0.722616308462835,1.22207747414116
2.16764296271891,1.07418899358983,1.93486917010609,1.16603445425128,1.14408540555766,1.19876431317261,0.760393963604721,1.34647907496952,0.976640293505489,1.12298074152818,0.570026755261815,0.854213534437753,1.0690513128671,1.12583568445561,2.05588165963132,2.24612984582008,0.788917194779136,1.81422163156903,1.04288384452156,1.20409759466503,1.20350255511096,1.16136627337563,1.79394267681069,1.78392253299894,2.54924006387148,1.44194635111483,0,0.647119250953213,1.09131114236954,0.952267110993917,1.23857280020185,0.648697028796416,2.08070990658638,0.978049322621765,1.29798031018284,3.96676256387594,0.798673411838885,1.30477140587133,0.871047784441783,0.606953541060281,1.02478727727465,0.877934115325514,0.857764065206815,1.11838280638663,0.858372918939881,1.62772823753061,0.54024155313981,1.62191711413914,1.04646886801731,1.1348174056455,0.995842821115438,0.770926784890668,0.605667713728643,1.1942071105431,1.56559769727735,0.681306183804349,1.38776676171425,0.696208924714742,1.41486273807074,1.33176651377439,0.62420355871945,1.21109283274046,1.0913617309086,1.46401798063571,1.61691249402037,1.85448000069217,1.10628155819692,1.20636203058347,1.24214122606492,1.3656020743576,0.572892770725289,0.720917677723568,1.4453906581543,0.563675662821001,1.65885519454553,0.815450030827905,0.974482240592768,1.01312472185182,1.12852099725653,1.43348656391181,0.864151626082983,1.02803933360701,1.77448156703235,0.886999946147238,0.803193745371951,1.37658219656888,1.03710081593036,1.07471833395259,1.1810668019552,2.09038646095367,2.1561669484444,1.94832730706977,1.3327644725924,1.71253637913557,1.11697378827745,1.47484245109156,0.85479769453918,1.4990210088586,1.27475773775184,1.22510719289326,1.81029769071965,1.63235898001798,1.7979949310537,1.56380939495394,0.975849096193179,1.33161009092212,1.91541270209081,0.995827955891894,1.05023152193387,1.9501917706668,1.75964415010331,1.55643985600455,1.6032395940942,2.55076858822369,1.13978601641257,2.39850090930825,1.12979703339316,1.82195732810585,2.2830360812869,2.33425625782389,2.07288818075483,1.60152888689173,0.877552080559148,0.852021208185524,0.605828754821825,1.45319038643978,1.46115587766735,0.997325966096354,1.39186652458471,2.04313104865894,1.03322033549379,1.88741620918924,1.20198498357915,0.9544869439909,0.988746547605799,1.03363236535257,1.13072596026532,1.37864072782289,1.69815001496762,1.01354758675218,1.13279212152978,1.49228875286448,0.793170651294399,1.08806089855652,0.813346330128854,0.739103847378479,2.9485825899916,1.79406425428059,0.509403380558777,0.864650756544944,1.6199323883994,1.94228125684696,1.02087335902721,1.13292792653673,0.849179780584613,0.855196202147729,0.741621123254738,1.83041515013555,0.753896173907673,0.834852048633556,2.77367186376231,1.35777924248063,0.779090422750688,0.714646021150593,0.901706355473915,1.36670380503895,0.758744118424458,1.11861616071201,1.08278711367342,1.34197263533058,1.58473152787327,1.52558946328995,0.786436919604439,0.800141878831407,0.663899185383996,0.787207152578694,1.91460540547188,1.17934559835982,1.30324533361164,1.34106943472788,0.453799055450633,1.60396427321965,1.43752009399519,1.39849462013149,0.801516494510944,1.76322800830654,1.33008198199706,0.868904830278744
1.91274735222843,0.943143431421086,1.79298940299262,0.8302180037094,1.13230685992919,0.886225554185962,0.567683579015876,1.23444097894415,0.614561756598653,1.09194988070986,0.538265322264068,0.946905895053783,0.663427305017693,1.04269701907563,1.9210262984275,2.02323577676728,0.489168725806682,1.56572411284534,1.04233588256065,1.40767520887218,1.13673438965449,0.840609225018136,1.86410885126971,1.7119082702258,2.4470023405713,1.25312974953747,0.647119250953213,0,1.0918314225752,0.584898719204099,1.19052553848725,0.664613182349646,2.08113584854099,1.13537653429114,1.03794138251488,3.81127933909203,0.789162488190805,1.07751498969466,1.02504587793592,0.820934679295489,0.823073488862376,0.904988299622266,0.728008075278697,0.934856159125968,1.17319062267921,1.40272938159563,0.430797031090018,1.457712530589,0.960137161560021,1.03862077081944,1.16668421267522,0.702383321567286,0.685768232242906,0.948687295820832,1.4792995444698,0.524067117242776,1.22342222782622,0.79450066492289,1.34424202486588,1.59487931499151,0.802241136126001,0.947353584532697,0.871376180231137,1.34442387044424,1.37768353533247,1.76352928509084,0.845628285671647,0.906521768248761,1.08252603775485,1.09026891441132,0.82917899740725,0.468711997151327,1.31111543617478,0.91182452655356,1.4357188109703,0.787986257758753,1.16289242605802,0.739958019329339,1.03274778739149,1.36917703781634,0.55036857940144,0.849330726721491,1.66852194249098,0.839316259635383,0.736483299867734,1.09490929834517,1.08578798885236,0.840338206501476,0.995711984506008,1.9216230725027,1.99949880903075,1.81400650787305,1.36906709824117,1.52602197876551,0.749975089604256,1.31207689737103,0.554781051947797,1.46263169642444,1.2228477158694,0.845495114347145,1.46165830685715,1.50700043571113,1.53625687794214,1.31925248090527,1.18951320284617,1.09626202713773,2.04906425707508,1.05331298919043,0.878399542399011,1.69777383134922,1.61564056975104,1.43711028968126,1.45216329702485,2.41048720869719,0.973696861580426,2.18346397760231,0.909847024697971,1.58532608352043,2.12355990375086,2.26540150435027,1.79241014812026,1.68102521701742,0.661026105719528,0.885607720933256,0.829466676691494,1.49147579829961,1.2644098323082,0.732313394757404,1.10624086863915,1.8339175328048,0.76793534073199,1.69107145587675,0.944369115382481,0.847502495838816,1.18092740724253,0.677725649705963,0.973910442126038,1.17200131416172,1.49286034620467,0.968105595336003,0.91660491340376,1.21263269392519,0.618107415186116,0.951956376099254,0.572639019893059,0.766152489828887,2.89464551360182,1.59991576063327,0.704956938381705,0.669519714178509,1.48627860318239,1.86154347423689,0.782890932685962,0.954065143630485,0.577898436854229,0.817361711629251,0.81064248111899,1.56859279815757,0.616722461465182,0.711697399512149,2.63551512959601,1.18219328918836,0.53846000509355,0.815216647698797,0.695208208600097,1.25434462223824,1.08393671165975,0.715886459379847,1.13477765698422,1.02498374896227,1.35636563166216,1.27929717804052,0.627074335706501,0.575120020188792,0.96381682354306,0.474336499570199,1.72254972862858,0.87720334968634,1.05697744633315,1.40307712634669,0.775137553604444,1.32188480232117,1.31948911897872,1.25949596015128,0.753194520378987,1.51616943822387,1.11329142330701,0.700161214608117
2.30733743379455,0.566326149449003,1.83778505501506,0.982956282039914,1.09388193710187,1.16993675215935,0.873422352746425,1.22278337520222,1.30116622357931,0.838155290465613,0.761988335932841,1.64740462257016,1.21348329427077,0.731955947292544,1.87238239278745,2.0468495243686,1.17060895428357,1.55426053296107,1.04637253749549,1.15996585566238,0.504934546485413,1.16876462853529,2.18320643672722,1.48768164301253,2.10415741555032,1.5286533116073,1.09131114236954,1.0918314225752,0,0.963949653694572,1.13843373694153,1.23393427793954,2.2634336208108,1.45015949004508,1.31727693120369,3.8168766739799,0.806516274050903,0.569685119655807,1.54404536047849,1.23064284338481,1.18546326354445,0.722833256218755,0.640988090738277,1.36402996373029,0.940104065149096,1.03205304469,1.2202394861196,1.20272742469846,1.20237685026226,0.892568555097556,1.57908428284657,1.15449867209156,1.18556792261341,1.3268838225487,1.34847338769733,1.08109199274296,1.2196798232686,1.05599757718611,1.40418963575744,1.30391719306688,1.21849854123965,1.00587204156128,1.21280145121716,1.15780740149757,1.36427685927939,1.52036756901707,0.858128707913047,0.965556630815341,1.01591307146497,0.814031271791709,0.867456902873823,0.824897160671497,1.48653964798772,1.11154635467159,1.87370823748238,0.684001767441546,1.46257786711529,0.942394727142825,1.23968564097952,1.17746234977137,0.946382242310438,1.51445714809609,1.62858360207023,1.02073974248825,0.756668503523083,1.40296301832508,1.20718690145809,0.870773807585429,1.75224808698581,2.17047439027488,2.16614368987201,2.01662750404197,2.0410010955043,1.36808572962744,1.00902239310293,1.33515271281018,0.967181775746135,1.59116448497899,1.04868681645829,1.07036399450293,1.58043764487095,1.36200122127627,1.27468759578427,0.987551455425413,1.72564100901068,0.700074693470488,1.85186972852298,0.651449184751264,1.0613297167724,1.75421423079561,1.48034690241398,1.63499070826684,1.14676887834355,2.15007144585384,0.966741436557965,2.14564357251037,0.657564024622961,1.88149154125861,1.91822522065056,2.15968328655348,1.96584066793889,1.43523589601457,1.35481771627808,0.594987875778593,0.628193879241415,1.21412250306684,1.26644316872384,1.07799938029851,1.16080762663773,1.66938519654242,1.48407896295407,1.80985226289398,0.655458085449077,0.797104513413595,1.53477165755973,0.836662834738851,1.63607992642598,1.22876946993456,1.5247086158005,0.845406599889339,0.542385081018748,1.47535465465795,1.04682367209849,0.960169557231899,0.821964307016482,0.62084278351707,2.5837995276271,1.29472506355127,0.906195766056272,0.921572305573642,1.64436322588016,1.9712409545914,0.535377471932834,0.777626835446529,0.961642753608752,1.11568448037304,0.665348003833933,1.62362855585082,0.828493145658142,1.16927613296368,2.47823069660412,0.682314860440702,1.11068200308937,0.608703916320938,0.884003282286837,1.03488763118103,1.14553374437854,1.38434677640951,1.71994863380542,0.774897244286646,1.20065905362871,0.968925891270112,0.863372343277509,1.37649276462505,0.86296069045801,1.24622483143653,1.7619112076259,1.10199771935514,0.951114162792897,1.11343122269974,1.15281012413564,1.14546335556548,1.25286783819975,0.957718514119116,1.08189238597215,1.26235764493875,1.24891077393605,0.791056808711898
1.8512738514046,0.688667744996445,1.68208592767608,0.763963065430255,1.00618781583117,0.705824908977626,0.751865750312448,1.2043459240145,0.580625529023516,0.991274008286032,0.65502582059837,1.17736795773861,0.56537716293327,1.09010318005154,1.7250550543843,1.88473088044337,0.641633206943855,1.36772629112688,1.12719623700954,1.45760237047106,0.838897288053377,0.825454266891713,1.92525641186222,1.48458801436314,2.23846763753627,1.18159828985798,0.952267110993917,0.584898719204099,0.963949653694572,0,1.28189336033954,1.08801125697082,2.00328152048188,1.23455992735199,1.03682705883442,3.67409471062363,0.656205617130173,0.892965599345959,1.31879430542745,1.10774090990928,0.821091218572669,0.74330134719681,0.574636555551071,1.02818850654805,1.35042674679393,1.15680445517852,0.844454075041421,1.20208285236391,1.0770772099235,0.865734821264693,1.46216352550295,0.929563097547964,1.02648271032149,0.982946090395531,1.37976563975696,0.675593875445194,0.964860834014223,0.906888145107962,1.19823356309779,1.69714170052108,0.979825895782168,0.829037928061475,0.956034631384096,1.15260797496063,1.21259122696602,1.5903167312509,0.717824039995929,0.70435786612218,0.797977922086304,0.868996072085502,0.817219843162861,0.445098290164031,1.3469510645675,1.21314381150138,1.55140617127943,0.846304047970281,1.42717613458628,0.57624669538036,0.902687656208839,1.07930773426794,0.495947320027176,1.07938696529889,1.54914968345383,0.819052129571578,0.621097700788254,1.08370940543049,1.23197332550258,0.796391947910917,1.19025172479769,1.75280332229535,1.80921080040325,1.74781210366444,1.71217774140079,1.39014031114034,0.643717079934751,1.16776257988751,0.430450472385137,1.54893291746259,0.981948038803354,0.726599405547697,1.21756291418766,1.38748336135217,1.22799621029862,0.956981000223645,1.57381641704943,0.759839739910718,2.11019067485055,0.914469899928337,0.90517596000137,1.51699870907265,1.45112939307733,1.5069342561618,1.29258909338779,2.18598294346675,0.801603220620387,2.01260452151826,0.738111392411673,1.43438959393745,1.78541766486875,2.09612665372791,1.6550222478581,1.53033253790321,1.04450706018914,0.853625385896508,0.941119721613862,1.45691894895905,1.11836536695004,0.764312498453973,0.822700969725062,1.66811463120546,0.887319206565526,1.52798326384311,0.606516393975912,0.588862516719735,1.39580924225942,0.458029488893491,1.18926148767575,1.20822158922234,1.37859248954097,1.03513167333991,0.749874914015824,1.24234317762294,0.604143241979323,0.807011313904539,0.766948737210726,0.835301047510248,2.713763521935,1.34621438897065,0.818049578933807,0.654403593983853,1.39695353756864,1.90669826045903,0.662872138058116,0.816377193916491,0.489268900318021,1.04545518898821,0.861998211093697,1.38078335099742,0.777543799411794,0.879745236575922,2.38803917431399,1.00123369202162,0.814401184265517,0.881965315133443,0.898603008093582,0.995318147067736,1.30163754353086,0.791995319253606,1.39426547303971,0.723315870345974,1.28489065179723,1.00080662574605,0.485357177973674,0.832673553359686,1.17152992681637,0.632963776065279,1.61342376007756,0.858468718236353,0.765173004360816,1.25041359613738,1.17646032138288,1.0222772278256,1.08637273561968,0.940227033137133,1.00950210793905,1.19881772054983,1.07999517835342,0.816049783107601
2.08920892213717,1.3655411505355,1.30830894325994,1.00463052020582,1.0738005179938,0.951974497840545,1.14993341176179,0.983747923430406,1.24806396576205,1.15809682054503,1.15931025640921,1.62645217594238,1.33517478778601,0.897689633972597,1.56371810657995,1.77572326214831,1.19795125349951,1.4696490857557,0.657988999787876,1.05928154305626,1.22219066484075,1.22302041143263,1.8785801662151,1.2257806797684,1.8778168304172,1.41769274127231,1.23857280020185,1.19052553848725,1.13843373694153,1.28189336033954,0,1.07684561171957,1.65576991288238,1.55811371057328,1.0939210935846,3.42248715190717,1.03069138940082,1.23034549401017,1.05428818477336,0.992737291151421,1.11858798641957,1.27596760983764,1.16046018286356,1.03491426881858,1.48623055865507,1.14171002538817,1.30042720949445,1.1724547015149,0.839383280625447,1.13819263039092,1.34425916913627,1.0016667071345,1.22317678590742,1.06782575674396,1.11306956268796,1.21458109425449,1.1114633810658,0.877162267169766,1.32553327669544,1.40264460520799,1.35435350982563,0.891137632622872,0.970611848826978,1.04364051831532,1.0887172557349,1.38436506403227,0.990982956415131,1.09262550775025,1.07109234036853,1.0478865549074,1.40866540845679,1.14751173366632,0.886715109536682,1.14549153209429,1.18237800528881,0.851708005475486,1.12347659186519,1.09984310982892,1.10427933369307,1.41631349827218,0.990308894323731,1.11731711756866,1.48914133828209,0.974739162216246,1.25710614572514,1.04953502113441,0.668011305900926,1.14067611898531,1.56629678831965,2.04847703029614,1.96226225543471,1.41755529358428,1.45603952811585,1.11049774538195,1.12218791247097,0.902852297493728,1.24904072941859,1.15195871269374,1.28704754157035,1.08830694682215,1.50022695954367,1.04896141640027,1.4903254305338,1.40343826062084,1.30128943281341,1.48792612254263,1.52126759699889,1.51551602540032,0.899808881049479,1.49398307875191,1.21180220909183,1.119151202097,1.19363222788314,1.97194709821195,1.04334767903025,1.91835270588762,0.919655569627564,1.56153412336028,1.84320587502666,2.09041034952779,1.73302564050956,1.46811907840805,1.3032034562793,1.20206062797128,1.10103315544765,1.15262185888445,1.11678810686176,0.764833184812039,1.17699709542824,1.44402718499058,1.40397361979071,1.4558168186865,1.14201975209965,1.16077652566482,1.2277928942545,1.23162677104907,1.17068024857886,0.914371559972786,1.17010050479518,0.614312677737961,1.24860314185469,1.04683073690192,1.39246879604557,0.833468728339933,1.00074383225244,0.865131359584663,2.12331663335229,1.40651390267195,1.32606282698445,0.86516377036207,1.38924658536423,1.18448121109387,1.1401578136503,1.08268518334901,1.35214836098778,0.657929709940361,0.841471720624397,1.37418210564502,0.91909892584939,1.10353222391964,2.32258841505811,1.1369573313263,0.94505583283406,1.30319941415003,0.912166180247049,1.33087380481627,0.945685419478511,1.37409605553638,1.12413745934217,1.28259312631595,1.09880700415966,1.21782958189428,1.10615278204444,1.30450394309796,1.36056922779296,1.37459944092433,1.15030883644158,1.24930546683063,1.14618521035712,1.15997201581073,1.05724371860482,1.36814322751271,1.2189400945325,1.25257670546452,0.693294109780286,1.32930140849064,1.04526493317943,0.989216373891531
2.09078300577163,1.27131196851431,1.82444974244523,1.09230452741407,1.35038466829245,1.17589041076761,0.74750498254171,1.30536240640479,1.00388801041004,1.24526147659123,0.697990592192285,1.12224260065457,1.09542473610046,1.07610577682246,2.02633452939748,2.18193689769047,0.894896078974658,1.77939548560561,0.95571451435578,1.22673986711461,1.35383145833365,1.14276809587382,1.81261261397941,1.76426695073904,2.49952679556519,1.4229633432165,0.648697028796416,0.664613182349646,1.23393427793954,1.08801125697082,1.07684561171957,0,2.06923835722875,1.28252817507344,1.22961892463419,3.92157626833504,1.08726104950589,1.27919649762656,0.858677951197782,0.696204168414557,1.00770226187296,1.17323572724153,1.07999937356901,1.04431362689123,1.16245001568214,1.58026583365424,0.730517750047015,1.55056427329325,0.938993075088744,1.23181113676652,1.048752461091,0.509105881231504,0.710877127457989,1.02722523474637,1.47033678269043,0.833233867081479,1.50946208463917,0.874658199428106,1.4920622148143,1.52307024742761,0.933991590358915,1.1404570095698,0.997058950471522,1.45275403350682,1.50585373898785,1.83658305789684,1.04699721052979,1.15825484640781,1.31220890374647,1.33006384465703,1.09857534564191,0.891688461528579,1.31731693275564,0.776766389097129,1.48961896674267,0.853036944296424,0.735552517735806,1.08198242794285,1.30615907852258,1.64097685274316,0.948032977182171,0.950727029434113,1.80001516147979,1.01969567352,1.07048328135569,1.16565720596988,0.978666134888335,1.13098145180896,1.15715442598233,2.12085159069933,2.13635418016929,1.79783926476739,1.27483895782072,1.52421162893173,1.1563366135429,1.36734070136363,1.01421242598055,1.34561712977563,1.47394262095483,1.10201513715767,1.66331392074531,1.50817613202758,1.7271985341686,1.61621210298116,1.01867844329493,1.48580970887854,1.84788179784839,1.33005167104266,1.07890923816186,1.81560995524674,1.69113572894882,1.3458930767871,1.60795287695598,2.52783165555599,1.2091530604578,2.29651882578294,1.14916560632227,1.83542467905782,2.31137267275418,2.39531000501154,2.05852830456496,1.7446210391792,0.74541503239078,1.11677374381381,0.922643498863297,1.54205341814078,1.45665908345852,0.943277123576612,1.40651875466397,1.94933496585404,1.04840147291182,1.78211833091058,1.23254474409826,1.202399356051,1.21867786985816,1.07320057318647,1.06323588625953,1.058605542028,1.56902986245264,0.993810246120739,1.1802223265723,1.3474533466075,1.08869786846455,1.15424534666569,0.773075189794669,0.879762323212318,2.8507355449406,1.79824274319064,0.988383621393194,0.924275191937242,1.63843283640713,1.76603697871345,1.05187014426499,1.19262743073597,1.05011497463377,0.724237325562041,0.920919945511817,1.76826377292692,0.800320077848889,0.90650103958988,2.71747038076781,1.37999033357828,0.76255790333624,1.00811176713862,0.752272347367085,1.39711204109978,0.905428976454866,1.05266281349437,1.01396042800724,1.32227958191625,1.50748821851109,1.48435178929224,0.999435096812459,0.887951007544332,0.986296900311689,0.926762405808022,1.80334556299483,1.11676125480807,1.28168397083745,1.43951999174667,0.48697010153545,1.56346370861222,1.57558283082882,1.49406065680961,0.583026544130475,1.65836901853675,1.19411760252512,0.815502172373301
1.60272311862527,2.30441500976182,1.40006765027883,1.77227925798926,1.70325142309209,1.63530769574646,2.06308856422397,1.68312164594984,1.71729333222444,1.90154588773126,2.16077047166135,1.87288946952074,1.92673691799048,2.09882668812285,1.49101165885658,1.76062867745562,1.90094194325044,1.68778708694264,1.66673587123128,2.16270050117478,2.10881097937303,1.73642216532239,1.36671012328116,1.41705882597099,2.10407031575263,1.55273554268678,2.08070990658638,2.08113584854099,2.2634336208108,2.00328152048188,1.65576991288238,2.06923835722875,0,1.88032404009685,1.64793052648401,2.88482482374215,1.95498202384211,2.36847775530234,1.81650502975586,1.78348598980727,1.72422466060676,2.01418824339462,1.9852043053528,1.65486522111915,2.46721260420663,2.01913423183141,2.07647410741507,1.71814938160842,1.79713825756161,1.81921974178355,1.88203738314707,1.79966018845641,1.978876784976,1.53870226302277,1.60734720354517,1.87195670934488,1.50120633595885,1.72047520047369,1.481892262975,2.33323266266606,1.89039895428423,1.85748570825195,1.57395696657756,1.43457822319565,1.67616038133983,1.49784577678326,2.12958363618123,1.95928042712249,1.55593512735345,1.99076960065366,2.15020126697892,1.99458488034385,1.54586082803956,2.03327285870215,1.62859240175215,1.91625162429899,2.05890559533847,1.71056306560333,1.52036908891828,1.85364468028101,1.90766937733131,1.58513586334375,1.86814651774729,1.84778000468741,1.9980435497163,1.85017593519777,1.49650145933903,1.91608908904893,1.75229870740263,1.61117035654308,1.45809962535276,1.80465708238186,1.79694576221612,1.71020372987871,2.0494245090105,1.41225218293844,1.98895347933657,1.28320042994365,1.79801360653516,2.06371124088093,1.99756673203854,1.63434296938066,2.14699716580895,2.02314772346993,2.04172854616504,2.43118064456123,2.10123378800104,2.48263709576948,1.76862728432425,1.99218031226547,1.70374954287725,1.7232612173497,1.72042232596048,2.01502783634355,1.53121535931578,1.72965451566117,2.00490388477304,1.43319327884465,1.68803633143477,2.06231061851812,1.91454710527897,1.52331859445491,1.95055080715482,2.15508081317435,2.19281713563876,1.82323122578973,1.8881597437666,1.76213910504536,1.98824503288624,1.82638435076864,1.78325071478525,1.47225228951247,2.07002444516121,1.85416108441656,2.0565696386684,2.01533410051647,1.63012319840426,2.04569448908694,1.53432235012903,1.83727143217783,2.37339772303881,1.66733805106213,2.08601857493729,1.71382920342548,1.98415687834911,1.92625959681547,2.09729785429706,2.1362919504936,2.18681366810984,1.69419824606141,1.66454950421849,1.2415479063676,2.17804903282574,1.93690411052357,2.03285499741925,1.67074154144969,1.91647431444321,1.4078389291989,1.91863020517397,1.74745654848516,2.03191567182362,2.19474284950163,1.91470680036079,2.27610633030726,1.9931563694706,1.95111041900692,1.94603154798925,1.84940310935575,1.45123525976809,2.15973867975937,1.92932721591469,1.97544012731116,1.79509085460295,1.85578703510049,2.38212173968213,2.11786045153386,1.49358820014379,1.82233048750588,2.00736941086691,1.74508256752232,2.11245412115364,2.17093706228112,1.79312401553809,1.81555711571649,1.83275310403623,2.0522045957639,1.61832846290828,1.96877876706644
1.86129155830825,1.46421958471494,1.83180404502624,1.20050884488525,1.02273738301998,1.2923374134527,1.08285632231232,1.40633302030467,1.09125763760414,1.08545208272582,1.15038823357343,0.737860623219421,1.13572958328822,1.38930438674194,2.01244393179513,2.03926769414097,0.900055851663934,1.71318208445398,1.21676315732398,1.84541546553024,1.37950720924132,1.07123776534566,1.32571642791249,1.67472910827439,2.48802242289074,1.09384621257501,0.978049322621765,1.13537653429114,1.45015949004508,1.23455992735199,1.55811371057328,1.28252817507344,1.88032404009685,0,1.29236165173307,3.5407985680073,1.21526561728753,1.62611405915951,1.35447960687986,0.900030219948722,1.01467976046674,1.08942123317074,1.03481025062914,1.12350146308334,1.29354841922205,1.71039118642367,0.959599206684086,1.62290173133001,1.31504283654661,1.09418721281851,0.973514281323989,1.24790087967289,0.947026419665855,1.16760509980128,1.38192044959386,0.898399649711145,1.31567221232907,1.17908492484197,1.21430910930128,1.61039168795647,0.480581769200466,1.34223775645927,1.13154858527846,1.36660008813923,1.61342665328977,1.66379284207588,1.54709913510841,1.4287393756033,1.24734661427205,1.52282304875153,0.951277417466632,0.937058701298473,1.60656346198282,0.985898245834413,1.70154756810716,1.09624411562573,1.53741982842528,1.04994706206833,1.03571052452156,1.22209450398275,1.22816081025916,1.04951153511646,1.52172801880743,1.11504557392873,0.855953302070483,1.64263773454669,1.21520613728489,1.11419111470702,1.08676296618229,1.62663638798372,1.77596096856184,2.09810673339727,1.34801182836488,1.72559652271213,1.32937994292823,1.5150605556344,0.985464939885814,1.23263407897732,1.14936513321588,1.50722252774708,1.79836964950994,1.62888592575297,1.8340136452602,1.54043820113873,1.37875523617577,1.58441340767499,2.06931032144104,1.38570405380594,1.16649934095692,1.987467945899,1.70574051172942,1.63334639377862,1.57836430605465,2.2896201219329,1.02888634720411,2.19699648860293,1.36563752999516,1.54197957064518,2.08263866638109,1.84869566386619,1.77910635274228,1.18644123315004,1.01913076831297,1.09144273068699,1.23082166444692,1.41366941923381,1.58941013035259,1.33642887949836,1.6688096197228,2.00465783704899,0.964603460837421,1.65186951865651,1.46163242526589,1.04556194988404,1.51791754593861,1.22119245841043,1.22003004294689,1.77233763667013,1.67593382433396,1.23192058231495,1.5281703939398,1.50927346964326,0.979100085449012,1.23144555096377,1.0494918560833,1.03640419759328,2.87937658041263,1.9022737318716,0.962733612983215,0.950538288010487,1.41187424228915,1.89548448731659,1.30995370712815,1.10832281960735,0.908434443951624,1.15465545310814,1.12984641096698,1.63687550772221,1.05956778825703,0.793967022170617,2.44881440718312,1.5061792280284,1.1591903784744,1.16451052347801,1.1626047229071,1.37858063791381,1.32454584515845,1.0481974439384,1.28661969287359,1.51506858133625,1.63179551129438,1.5558760504944,0.957159764327214,0.866485167062807,1.22110634982257,1.1848454380798,2.07725361749277,1.20762597996446,1.49625840164056,1.61232711274019,1.19280615434915,1.76768679883371,1.38323980857492,1.25885859711048,1.28977019274899,1.92513780155537,1.28960307911378,1.09394605402575
1.31972707555304,1.33577470841938,1.2429193516013,0.788691726221984,1.14708232594119,0.850047154934529,1.08586513568944,0.507588617256086,0.866663166079236,0.84131253541462,1.16292185826933,1.40148260568425,0.714056685175255,1.00751128293702,1.21175756058648,1.34428440491606,0.926133003491024,0.987128914426701,0.849309562587671,1.63642520630484,1.18974680429221,0.620153003737712,1.50195099405912,1.15785549328288,2.21471754844315,0.764612650884364,1.29798031018284,1.03794138251488,1.31727693120369,1.03682705883442,1.0939210935846,1.22961892463419,1.64793052648401,1.29236165173307,0,2.9762964586423,1.00021337941755,1.26067358890661,1.16572836173603,1.15995259667996,0.640216921078309,1.23017606771479,0.995497970171121,0.52355582642415,1.72436467113399,0.969908907943817,1.10620964795186,0.930872011532586,0.908595676855856,0.935074980875582,1.54284025578762,1.0670191495425,1.30900318473369,0.601522647807264,0.970032986203573,0.915125195420386,0.915668652827921,0.980896335800544,0.801457118469703,1.97837232500257,1.08548745779395,0.667960670096863,0.476101322380133,0.93869504687952,0.744960760708938,1.16106198667474,0.986219895293604,0.728149483274595,0.835161397762855,0.822668311136003,1.34756604197635,0.949931277158858,0.774397952352214,1.4028843130543,1.09372605674413,1.05829003123378,1.40824597656114,0.814665661151709,1.00199224409606,0.983425595724535,0.822377885855831,0.911709150562753,1.03972913106305,0.767918014216432,1.04306162440368,0.783946821243725,1.04756139543947,0.810598012777386,1.08196647933896,1.30363910350205,1.33833937760618,1.3506362506959,1.43624484243197,1.19551452530627,0.806901789070197,0.737194699289875,0.892350505295362,1.11858473495887,1.00409814797622,0.788165020326769,1.039457180995,1.12973903029271,1.10207739962538,1.06780290889214,1.54941943782825,1.33237687770603,2.12130790473933,1.53523126138431,0.740961655342299,1.16491002640279,0.939050942744904,0.848907532728573,0.95360017102465,1.68533443209987,0.800128422161976,1.4629125395626,0.985627355501714,0.969538623628644,1.55086789716324,1.65895140878506,1.29662621337941,1.36340702289894,1.0001811232483,1.37110103242267,1.29458689401133,1.58617350585769,0.904959401422142,0.825356166112596,1.01790836587431,1.18915881707358,1.11319299780173,1.13909332139373,1.03536981856942,0.955373856518824,1.37682430792848,0.910076724396364,0.874624322809764,1.0208010494037,0.815125530372782,0.976354833779812,1.24622765908076,0.677167043895383,1.1638375660672,1.03560622419209,0.968542654649271,0.931262402681787,2.26918875429988,1.44086519126549,1.29368358891293,0.739651221063017,1.16082299768612,1.55676250910056,1.06817732325157,0.85894744096647,1.01236118542387,0.871362436627815,0.926844634952014,0.969377359915752,0.97332362238819,1.05523985312998,1.8862714365097,1.14330293572336,1.00380048117694,1.37934879577088,1.03905039173683,0.919882413386814,1.42066808640058,0.923251227096104,1.17215016957339,1.03252942292313,0.834110591011608,0.955036560479877,0.900061015220566,0.911095170108276,1.57085506318963,1.0961370966469,1.18584769454915,0.780885493595323,0.908528519401118,1.4412379588444,1.28816658283942,1.04454473789594,0.935953967078146,1.05210418983331,0.920066011407956,1.23232728370781,0.452017778247265,1.12434940510138
2.74481331347186,3.92002578942606,2.67665319881858,3.26380603711347,3.27601491244184,3.28717289907968,3.8346507477023,2.97900056694146,3.5035805776392,3.25541602241671,3.84562797404825,3.87267395804512,3.42310617969344,3.57212767595306,2.42274652521999,2.02136135441426,3.61414469796874,2.51687583743455,3.30826701983829,3.97822871121808,3.54808180839483,3.17298984070276,3.28483251100492,2.7141993710284,3.09011835676178,2.79415916796462,3.96676256387594,3.81127933909203,3.8168766739799,3.67409471062363,3.42248715190717,3.92157626833504,2.88482482374215,3.5407985680073,2.9762964586423,0,3.65587778195999,3.76883455224671,3.7034409471219,3.61088069837283,3.20968448385776,3.78104137958075,3.57992683434085,3.16851814535723,4.23135706029811,3.04767443699711,3.87853194801308,3.01539135870848,3.34866927055444,3.17578731798656,3.89844119436172,3.73272833481133,3.91470695470713,3.23852647312802,2.87242641914583,3.6586755978927,2.96050059296692,3.68507786106841,2.90639480279301,4.2075678348865,3.65372490439202,3.20756272877739,3.10418923809711,2.96139543415573,2.85239262665073,2.57045791726572,3.67808228455612,3.41084239128742,3.17356193009648,3.2615082245633,3.88774072926322,3.6073755558579,2.97412382692515,3.97382784623195,2.94847390460872,3.69759255893954,3.81414032299421,3.36675228934949,3.28776568724112,3.02611310437705,3.55257628694466,3.45179050054175,2.55279649792348,3.38198499514736,3.60659468741417,3.37230295210329,3.51269853236947,3.28546111821268,3.54512068496769,2.5450577729004,2.53613047884804,3.06662853779705,3.64981819777566,3.21783407588012,3.37778853936098,2.91862616570423,3.55135998156093,3.05112859241867,3.12790442469728,3.44027238536611,3.03884641723924,2.87291200272487,3.15049291386388,3.19870755581982,4.0531465345122,3.77023933301326,3.78662947807739,4.00358119425158,3.19221071214561,3.02659530127685,2.59301743237972,2.82054353154642,2.84592503051658,2.10631014874577,3.15487700660845,2.00746792865686,3.45663129105059,2.47517624404662,2.59298196664755,2.55662982259945,2.47756388292801,3.00490299592704,3.72035956053695,3.85312670036006,3.96971807709423,3.48085625971248,2.99138211051882,3.51422106767241,3.41937822630597,2.39472207604407,3.60595014829546,2.68739282286189,3.54263092933582,3.41885835349181,3.88639540068421,3.56230559583636,3.36996593062589,3.4029417469715,2.6927906354963,3.36311220991284,3.85477506752081,2.86597593963335,3.78107112930563,3.44975533687043,3.65808358149096,3.59443163304074,2.42653764129018,3.40935036746392,3.94087255351771,3.38034001587761,2.7124132557375,3.15871426154976,3.68399151080118,3.31322730796953,3.63804907249702,3.40309495690613,3.62017309810021,2.49112474403177,3.67420897073103,3.55346079561462,2.36814816442906,3.44533650978904,3.72224571910257,4.00558194391636,3.72087302327516,3.24785383391096,3.9615431798148,3.4581159811506,3.50276991482232,3.50599548589033,2.92651195083198,3.184713577406,3.51243453377817,3.59560455857753,4.17865600809664,3.86011643963036,2.82598776207794,3.32233783737056,3.29697589337586,3.69227695202188,3.95355790889884,3.37639773806805,3.04790558907993,3.13686235664947,3.57722914588,3.1624189472409,3.02906641264174,3.72182159454303
2.03613689113333,0.765321217632751,1.63914955763611,0.969199262599114,0.926598482052258,0.865158763537455,0.860439008440734,0.97008491382858,0.866227670039041,0.835125321155191,0.697116571326282,1.25992908200398,0.863187083613186,0.886482966754529,1.67772367351244,1.93012374758204,0.774408060498452,1.47478773457932,0.898723235244995,1.15262843026593,0.776067125263681,1.02667240226148,1.90990695636565,1.44379115399289,2.27602215114458,1.30265878615218,0.798673411838885,0.789162488190805,0.806516274050903,0.656205617130173,1.03069138940082,1.08726104950589,1.95498202384211,1.21526561728753,1.00021337941755,3.65587778195999,0,0.949224652894618,1.03598696765005,0.984660677146821,0.862589213148268,0.739419270685428,0.595931326592905,0.939251805711485,1.19080748550125,1.13362565977857,0.862196779962382,1.21701844004938,0.891431265695367,0.902710973078723,1.42388868286924,1.00880063743189,1.04812118528166,1.07339165465025,1.35609887821974,0.732898946100147,0.982948345256156,0.601295293840095,1.14460206500477,1.50834708083948,0.932648235757202,0.814408593008154,0.939747103062575,1.13275230220999,1.22159577535465,1.54271349448044,0.69248135205885,0.751583273049079,0.864727320781691,0.880067227197231,0.694189489937447,0.622509494482198,1.17983330748891,1.04789264670514,1.52156335041933,0.763249088588189,1.28788596173093,0.783602527598497,0.848720306279439,0.962249424350361,0.497527049997332,1.11122176978774,1.44925756843636,0.566942693804102,0.657300437223947,1.08080840437928,1.02373553485649,0.915080534146792,1.32154498889832,1.87575258634973,1.88742976738929,1.66129485513506,1.59027703240203,1.46629514434722,0.734635728794147,1.13514972707965,0.63900345887719,1.52978931297512,0.91506192709582,0.850086685143783,1.43251346950077,1.39821653627892,1.34484751524977,1.09757866490523,1.35159877263642,0.88728228088359,2.0107747614381,0.855011198960673,0.789899658416719,1.5617102923005,1.34723900618163,1.39707818270079,1.24106987694376,2.1354016284848,0.902850444609561,2.0929733073269,0.738566059831996,1.49462459413327,1.81839862899203,2.03030099917469,1.76032193284884,1.45194792132107,1.15802262448991,0.835621684473384,0.615313642753055,1.39247637860852,1.00955746975595,0.698460382239467,0.834174981351095,1.64388348112408,1.13703820105086,1.59436946022553,0.77927859152258,0.582938009749343,0.975974980923371,0.765591122467868,1.13563221478328,1.18886633662827,1.359930473146,0.814964177338655,0.821119267135584,1.24765865308815,0.734522618813075,0.785373438233169,0.857447789952759,0.590003096855308,2.61039445686541,1.32762696413046,0.650857558067388,0.663385069365065,1.39986696465751,1.81900668370061,0.776590916400015,0.841249476058271,0.754936951643917,0.911043503042874,0.489790142996485,1.49447133476488,0.695549874140916,0.987762435310348,2.40087146803969,0.947393742556647,0.803455312941754,0.812687030447442,0.929010738749606,1.03298248414416,0.958201260475474,1.11714864302857,1.26381244715143,0.949302154814592,1.21335872085654,1.08486106173686,0.534507071600487,0.91828004137233,1.00114231904944,0.778439512963914,1.53156952668978,1.07141740496701,0.895911684803672,1.14090078947955,0.967602973756426,1.09233199333673,0.934595572837702,1.03025130683134,0.836844881077709,1.32890855896061,1.08273018097645,0.932916947611627
2.26403485716841,0.578025112846459,1.8432449078385,0.902154775604245,1.33597475517489,1.13316350062416,0.861338366055877,1.22212434761672,1.23183489637907,0.92089168751606,0.843134231146482,1.77181916846203,1.09889775798642,0.703344963362506,1.90480189395656,1.97605883625632,1.15947862010068,1.50320450133168,1.14927943880664,1.37419510227968,0.635432018062093,1.10142117281083,2.26270811062685,1.56688310084436,2.20489315280175,1.49353202229855,1.30477140587133,1.07751498969466,0.569685119655807,0.892965599345959,1.23034549401017,1.27919649762656,2.36847775530234,1.62611405915951,1.26067358890661,3.76883455224671,0.949224652894618,0,1.68142262498658,1.4470189833919,1.14434730925931,0.880369609848901,0.811074828451861,1.33205564782155,1.26972198621874,0.880484316796685,1.29462272793969,1.12141615325565,1.20018747767513,0.986093587556718,1.78208224594136,1.17159706455486,1.34043951707903,1.25402800268095,1.33514475713426,1.16021103115737,1.25776003931331,1.26231521865736,1.52914073400875,1.71588641292325,1.37261671414274,0.8783268099967,1.20347522248854,1.19167475278966,1.21566287793154,1.54479966615305,0.697352686311357,0.793344325231017,1.1155207030428,0.648345636457254,1.1559555330784,0.849764255037574,1.49532908404842,1.4181512740993,1.8446968495067,0.897740516528121,1.58151127328857,0.904507856749509,1.29885360104993,1.2596539967812,0.92940209573126,1.57484124983067,1.58425558353881,1.06499785165325,0.873399046681305,1.24922905744853,1.41210948839483,0.900433942655762,1.75004280552863,2.1603973050163,2.14467533100838,1.98416993525486,2.14994390327945,1.29845585725818,0.830022093566808,1.30047457142272,0.925554018343009,1.67756772256095,1.17818703942135,0.804638192462037,1.29825390465768,1.40958701917872,1.03861239526779,0.907079341876525,1.91879085194562,0.555163903918408,2.15467353757536,0.859132079194394,1.04574650169529,1.59479095202697,1.42733598834679,1.59279367279736,1.164886378465,2.10085089549063,1.03114129115936,2.05368470605436,0.620344229691305,1.81231686859878,1.85919199950801,2.1176946922923,1.84013016096734,1.66675134703204,1.3493701455213,0.905032963173724,0.944945842664746,1.50879229272498,1.21941860442564,1.08498872438933,0.994204103395897,1.54422985060599,1.47049481447471,1.71743010622808,0.587743546807896,0.975861511303527,1.74773927970912,0.728313695759504,1.68297368409902,1.07164667244138,1.45600775652823,0.970621983946897,0.293009979871365,1.41876824812173,1.10241663907572,1.07950157499372,0.84398722480764,0.869866352709622,2.5764676046885,1.17034666660617,1.11144300336647,0.959312507019968,1.63584423409102,1.9837994915473,0.409853848007473,0.730884954458942,0.948181771363945,1.25618893579646,0.88826338650234,1.53066011702337,0.904230651202582,1.30410345945815,2.39975762703722,0.54974946322042,1.19606128420528,0.861497075407915,0.865363218548977,0.987805806205708,1.41064444691964,1.25282660372478,1.83779857119828,0.497146095926076,1.09105765974092,0.750033011139712,0.956032816319837,1.39239795834342,1.16138194899497,1.22742452654939,1.67545911078796,1.07103275170149,0.804543699367936,1.21392204662418,1.35302307607948,0.894532321807519,1.28807180985983,0.946243693589949,1.13266841238443,1.02416969020571,1.18973888432373,0.861717586009607
2.04733839397992,1.60427998091266,1.63123851931974,1.37961221042899,1.31697948374963,1.19162635232551,1.23677708696222,1.19957934799845,1.07955094898493,1.38053152459421,1.14667395013426,1.17114029762235,1.22897239650855,1.36474151426806,1.84011956970872,2.11417744881049,1.05131681412542,1.80914366937249,1.024695456397,1.3081103099606,1.59181129079699,1.36401940862655,1.74651868014208,1.71800913723949,2.55310406983231,1.46461826941305,0.871047784441783,1.02504587793592,1.54404536047849,1.31879430542745,1.05428818477336,0.858677951197782,1.81650502975586,1.35447960687986,1.16572836173603,3.7034409471219,1.03598696765005,1.68142262498658,0,0.789398087528585,1.07010631815808,1.44733933746305,1.29218137965813,0.898154477731991,1.57552572041769,1.70686827470073,0.922615161821114,1.63263467023125,1.00347377753724,1.43493063502419,1.2002864382629,1.00071049071949,1.08131497845555,1.10545935402582,1.59087175827304,0.975670825053223,1.47111561644271,0.660066415071963,1.36010106244436,1.67391244619576,1.08086122066034,1.24845919383386,1.00197615413942,1.52922369951041,1.51303758008965,1.85548971795636,1.20225017194682,1.27455550155058,1.33501194587032,1.51877842859549,1.28344046859371,1.1963777026606,1.06121754171208,1.00436971678702,1.21846164342814,1.11547429578852,0.918525582810777,1.31952498032263,1.30967649422129,1.60119009136571,1.00562607208347,0.818254383657919,1.77760888526902,0.977574020286935,1.33766364434609,1.09854119793655,0.900275383147615,1.41583516883172,1.11712131320124,2.01024946630422,2.01114964650016,1.45519721136106,0.860443653385846,1.68134917992907,1.28982273549521,1.30411925741436,1.23659855241979,1.46494955266131,1.49859707852508,1.26663352470084,1.76770180204515,1.58794596284553,1.90445119997596,1.79930883502801,0.711091252425667,1.77694239148085,1.92566466281327,1.66062001926538,1.10909086004464,1.73754086007673,1.62420335673139,1.24838873005649,1.72783245865708,2.4674383878939,1.37362389548528,2.30226056156443,1.4017016104917,1.67639402889836,2.29536949574154,2.40361281643264,2.07123037481724,1.78003585258997,1.09408092494165,1.46143513225071,1.13105681652757,1.67833560569459,1.41916287039006,0.887171959813551,1.44119168741763,1.95967902154369,1.20709675040317,1.7704619153714,1.50378544948105,1.28136295372047,0.662069619466973,1.37976699916054,0.706792419932297,1.29899320941277,1.53037887881737,1.1520592125721,1.581314694899,1.27472729561749,1.31084008692793,1.21264036147746,1.22410618022012,1.03039088517748,2.7977301252726,1.97808801133536,1.19675569712034,1.07290894718617,1.64447632498191,1.74669013740545,1.46329334429157,1.47053599317039,1.35036549817222,0.780946037322828,0.997709959960081,1.79978819108188,1.12307588549636,1.11259024999152,2.6937577708438,1.68109916668273,0.850392352425721,1.41457798591098,1.21865128311118,1.57114565688175,0.920969386918297,1.30391748838954,0.580356936257136,1.65241767024338,1.6367480598536,1.72427971636251,1.13298334300641,0.92085126786131,1.37405836793683,1.02191847355127,1.65838809953475,1.40907679758045,1.46114865699273,1.599759386352,0.779129694345112,1.7137796565818,1.46273107776746,1.6710009235805,0.747290824744313,1.85416258466063,1.2362193203914,1.28235984534905
1.99900251735671,1.35643832995837,1.58465496624232,1.06439255987516,0.887665503689776,1.05975779034523,0.961081731433941,1.20747261839466,1.02019325617422,1.12612474000619,0.824959426717623,0.962425575289945,1.13458343754473,1.13906295884407,1.80792150833474,1.99315316654976,0.878662213119602,1.6158903195493,0.813189893643253,1.22773345791726,1.28356239237297,1.10308841769632,1.60702967384264,1.484176588906,2.21012799447338,1.23633117368824,0.606953541060281,0.820934679295489,1.23064284338481,1.10774090990928,0.992737291151421,0.696204168414557,1.78348598980727,0.900030219948722,1.15995259667996,3.61088069837283,0.984660677146821,1.4470189833919,0.789398087528585,0,0.954475621236175,1.10423448988437,0.967725758015748,0.957798035244697,1.14207166580298,1.52895624192436,0.810816270929039,1.49161703878006,0.881730550830834,1.0044194256411,0.842478005946725,0.765782566124329,0.715529020213074,1.06021730636948,1.26886047776539,0.828241708320497,1.23712714320691,0.759809345183718,1.19731774100884,1.25449409729668,0.71564666184165,1.07760441282992,0.930098264952604,1.30050028200279,1.44047018375958,1.60212088110242,1.19963445984816,1.24980695760022,1.09613192543858,1.34692346624817,0.907289290047982,0.835226451933299,1.17518664699912,0.596836109222801,1.34841566300596,0.787677231349178,0.799750715622483,1.0387035573626,1.04300341954745,1.35831897702571,0.937075802933216,0.815146331310744,1.53961446530032,0.851675596574375,0.952187054406897,1.29424084740256,0.801688946422906,1.03690397223497,1.15731510560986,1.89812394504019,1.94325655428213,1.67234741544759,1.07844236575891,1.4885310057405,1.1815667880738,1.23441775935269,0.976264238531831,1.15612911993608,1.18784960036616,1.25490496947215,1.71166304590952,1.29715114467537,1.75389724404647,1.53221768439757,0.928265732646662,1.51935384109619,1.52575665247547,1.28719201705708,0.973832008355471,1.77894338734357,1.51500856052773,1.25875163498226,1.46749167929475,2.28367158134205,1.02046585187226,2.14684699494603,1.11932703637666,1.5966362768905,2.15804556153534,2.13351162099809,1.87705218005679,1.35093298501754,0.941508434982895,0.962163763910815,0.931618713192061,1.15475762025421,1.32342746971003,0.925072953526456,1.45591317007882,1.85831820370484,1.02223853868943,1.62788392111096,1.25358715955782,0.980846438101983,1.04552222989482,1.14795884832387,0.925058795508209,1.23142729739843,1.46864116110574,0.832630801827314,1.330116716261,1.27333253107286,1.04634866817717,0.928897767774571,0.855954937158893,0.770327201444979,2.65152307264842,1.80019319418093,0.893235569211694,0.799586650869105,1.31875874156268,1.65588413891453,1.16612207057183,1.09407787564522,1.01347977804356,0.503288780952826,0.824960161541336,1.59319981825915,0.838100002554138,0.654558296588885,2.56735370023797,1.36720690786037,0.736561326070082,1.04199653844267,0.904242890218438,1.33235680172594,0.839168428606321,1.12109280535984,0.842313641062447,1.42093876194702,1.46944289951966,1.50010557801062,0.867528736780893,0.846750656704642,1.0109930775899,1.03714266883985,1.73486924597171,1.16618422997199,1.27010057738558,1.4064598371309,0.551902856524058,1.64185580615654,1.34123822632734,1.29458327059893,0.683439264081625,1.68202816791773,1.16665230690392,0.862167356796698
1.52796720241804,1.15492904857573,1.37330098638707,0.733372046410828,1.00570953442373,0.730712798671071,0.840015104967233,0.743228804781628,0.621929399064602,0.699597344178673,0.866210375975856,1.13385930808122,0.591318445496855,0.996531885593538,1.48228901687794,1.46336463067241,0.639034051815297,1.11981022117092,0.802041972329469,1.58012857484108,1.0039413300571,0.584021808727904,1.55435322851975,1.26807147136039,2.25461631876646,0.592648794529913,1.02478727727465,0.823073488862376,1.18546326354445,0.821091218572669,1.11858798641957,1.00770226187296,1.72422466060676,1.01467976046674,0.640216921078309,3.20968448385776,0.862589213148268,1.14434730925931,1.07010631815808,0.954475621236175,0,1.02537653911322,0.770063371527677,0.53406842759822,1.50860418204921,1.07261617068109,0.89896415973382,0.993107835517343,0.861389916326715,0.725891159429238,1.31530482607261,0.903836447013605,1.05098284266973,0.543818636505569,1.01463145971345,0.590916730587805,0.953103076662977,0.908476495888722,0.807175891499925,1.84847921225362,0.820521651831102,0.760924558613695,0.474880791865823,0.807801095991175,0.982865987451993,1.26841866076657,0.928630790814975,0.710734435502103,0.795089291485339,0.888478630701306,1.07723887493276,0.698168646536671,1.02798813152397,1.17682812863811,1.19201518980676,0.891575194624182,1.26645575971574,0.628244490969302,0.894086804156914,0.911097137532591,0.67282263191229,0.808188644634332,1.15835977617746,0.718040235321944,0.746337848543772,0.925429993254019,0.993710998192492,0.768502410110746,0.848918594864082,1.29132114162771,1.35879788762271,1.50508504135912,1.3984326237991,1.26389839677047,0.699152491432208,0.903953863176632,0.654764656044655,1.08584287741119,0.868803204048018,0.736640490649811,1.09161918711289,1.11408658437152,1.22593664742863,1.07750313681564,1.45317981400715,1.20380780912836,2.07451458492703,1.318329566598,0.622297156707113,1.37327997041187,1.0620308396748,0.960717676837125,1.14028119427109,1.88449105611193,0.670305623746398,1.6598728477164,0.908056999270001,1.09800971352273,1.5777298108321,1.7451471247338,1.39210609995645,1.22864542083142,0.869866258077627,1.13638704428476,1.10927038384461,1.46980398341325,0.981881676423299,0.83206819798461,1.00954437658153,1.33036419451411,0.847937511776656,1.1925677720839,0.949964836713146,0.73268693189736,1.36269885834105,0.670068819568556,0.84253930999249,1.10740373112961,1.01872705187116,0.872594799947766,1.1117967192899,0.794007511450097,0.884504099023592,0.967481118885465,0.7892459337154,0.748135353088521,2.47769692313596,1.44296287823436,1.05126407708738,0.543579324993266,1.16403484844496,1.6306420041481,0.886847791681339,0.789786768329526,0.745204168105352,0.794117760287526,0.85570261869157,1.10186291890629,0.797156979481672,0.832696937009357,2.03016862196625,1.09899412622876,0.87478277314732,1.14592492035056,0.89899397035986,0.924956449605331,1.30016350062601,0.624102619244551,1.09088177833116,0.917109641559323,1.03824827273517,0.928434989344001,0.609391281652757,0.653192507174451,1.34819809803319,0.85609946397677,1.47182076666114,0.662883883863711,0.876946615034375,1.37822967828233,1.12145255928863,1.10573298246722,0.955984974254102,0.95463664165631,0.792325156048374,1.27967397377001,0.60832963121832,0.901751315751748
2.09603247198244,0.519349172884325,1.8970134483973,0.923874208752187,1.05227279627132,1.11085380010825,0.748597472672207,1.24895706417778,0.985638137901744,0.810473243503501,0.691930660863193,1.20222016073167,1.02595220490093,0.900721971229491,1.91131784077842,2.05342376129633,0.922878701774803,1.58475486464607,1.08232943080256,1.26561815887657,0.765406731175724,0.958316897404996,1.77764571778657,1.51829568101275,2.31025359307518,1.32566749607301,0.877934115325514,0.904988299622266,0.722833256218755,0.74330134719681,1.27596760983764,1.17323572724153,2.01418824339462,1.08942123317074,1.23017606771479,3.78104137958075,0.739419270685428,0.880369609848901,1.44733933746305,1.10423448988437,1.02537653911322,0,0.592002765394577,1.25614890737709,0.920867674542315,1.2527445812976,0.980803486716577,1.25956323232204,1.20722530228772,0.854616548076937,1.41119670649928,0.944640252639961,0.983268552535229,1.18817463718368,1.30855579252129,0.866300495104252,1.01074579341711,0.936448490460704,1.33423266071045,1.43369335866465,0.839145772893787,1.0695408742868,1.14262761718542,1.12473687334329,1.3909661193095,1.55081901374729,1.00737577620819,1.03632991273606,0.996578259764472,1.00605253624421,0.601642704333856,0.633354628435878,1.54902785860949,1.04437398734498,1.86791941923114,0.793885060353975,1.45765933315149,0.649581606301962,0.91918658102554,1.07135593205386,0.86576558481199,1.34678320180879,1.5689000204338,0.875676913612202,0.528982460382215,1.42548046709837,1.22665919918693,0.806067884112073,1.47498545427706,1.94335860960966,2.01671728951738,2.06716857750664,1.86391563273988,1.49754075223629,0.914824079887005,1.31005837731157,0.745946463876312,1.51030893246101,0.900553620708643,1.11351170607741,1.58919549701954,1.50906580156553,1.41561791030071,1.09562518474529,1.59611382827083,0.829726739048047,2.07100902395393,0.685832434955753,0.992177059247915,1.83733278206792,1.56599077886082,1.6449205135995,1.23326145030585,2.2033633851798,0.777829328111821,2.14805086840443,0.845563496730964,1.68812334990297,1.82745129349892,2.02964258787106,1.85138484105805,1.31528182059771,1.13425849952199,0.62081817446543,0.693799353765775,1.35820148085138,1.329275319922,1.07912617984618,1.18740874609924,1.76866609485274,1.22360214444467,1.74150314361386,0.850234863218957,0.686631936730661,1.44955841526642,0.763779959430801,1.50279500218104,1.41675092567323,1.58582409701103,0.971736395557469,0.730974124820336,1.48969856598221,0.757207307350122,0.971074960225118,0.740638990263234,0.718279144633441,2.65047494164878,1.41349207237771,0.643949915920565,0.723267776946816,1.55984664841856,1.89913889281332,0.652389392793537,0.750229967241285,0.672585356299761,1.13338893762405,0.654413163069983,1.49671521485797,0.762710311398572,0.987667726092275,2.47119955290089,0.920733193383458,1.07105399690586,0.543629923694083,0.895260403217122,1.00066139886747,1.0728088320905,1.10415482213121,1.54834111862697,0.898163972133846,1.30391006595081,1.0523555307389,0.671018018092748,1.09708600144216,0.831858843363648,1.05510466961367,1.71444763403745,1.01426319692362,1.02809359163087,0.821470263453775,1.09742654312516,1.2728514968588,1.17810206501343,0.887830592785074,1.07458217955576,1.37542935460836,1.24142264694344,0.794142853870345
1.91115214053891,0.637797227141722,1.63896373207557,0.756452117515909,0.810513866435549,0.854319672864548,0.672719078698454,1.04879575189738,0.818637267012271,0.642054055861545,0.602358409566793,1.19878937739416,0.757552020032044,0.851965813588101,1.70143509302676,1.82677636412148,0.697041364311276,1.34300764615898,0.921363195525558,1.33799169476724,0.570877857844389,0.785096420465677,1.85373765042066,1.38956327511934,2.15194544360841,1.10937001047483,0.857764065206815,0.728008075278697,0.640988090738277,0.574636555551071,1.16046018286356,1.07999937356901,1.9852043053528,1.03481025062914,0.995497970171121,3.57992683434085,0.595931326592905,0.811074828451861,1.29218137965813,0.967725758015748,0.770063371527677,0.592002765394577,0,1.00013052412184,1.07916365385913,1.06106177230331,0.847782278927391,1.1433935600345,0.976597064256279,0.645757412480953,1.34008498105814,0.969859584586585,0.9428112640742,0.99155010057043,1.21353994016288,0.609552053071218,0.951214725421951,0.849162224665788,1.04795144108798,1.4664234333724,0.809473201634546,0.835466772974101,0.855585205056808,0.980430797315687,1.23523303923978,1.42090493676372,0.832952474170479,0.776793765108633,0.759292692653541,0.743128478756877,0.61542005633155,0.400763673203138,1.31922822484,0.984511721639863,1.60097569733026,0.640552836616894,1.3889838423535,0.519369746359781,0.86733364371545,0.873688677047072,0.586435826337483,1.10364807949197,1.43846421692846,0.746427402442555,0.365482242807776,1.2097307666262,1.06885309025897,0.628936966182601,1.25907562050548,1.7433749126761,1.78923130418941,1.85330467374457,1.68241545255731,1.36656852262286,0.724957430248908,1.16385955980474,0.475446820344836,1.36658756634803,0.701915641487705,0.891352806114986,1.37625881151068,1.28491583035267,1.25736533384203,0.812549855097523,1.51977220929403,0.692966460238414,1.94926358187424,0.716137671939437,0.793998710711501,1.62327117248808,1.33759013231459,1.42676524686273,1.09091030426315,2.02887105802727,0.649466843391358,1.96395236561123,0.619776509228854,1.49794386687183,1.74310263098873,1.96033425007755,1.68235797805902,1.25898528404447,1.00697113531083,0.550163015414838,0.679417197970106,1.22352655602952,1.04490925711483,0.837933119975074,0.995651416800365,1.58060472163122,1.02747862000861,1.52330678862432,0.635842534375598,0.335630390442613,1.34986564324877,0.50261714261538,1.22399867732345,1.23958727228956,1.34548005202608,0.81735715132187,0.706082656130143,1.21325526213732,0.589227297948019,0.814956379026963,0.61497995611576,0.468875956162376,2.64188796067523,1.31731265437692,0.67931150890831,0.589163647175937,1.3751260071082,1.85777736170073,0.533807650827644,0.628329945352145,0.488917492580082,0.916383515210523,0.600808312689298,1.32536124832849,0.621688498822897,0.810692455639866,2.32788581511821,0.801778741462016,0.815665865074417,0.608367697944341,0.793805759644688,0.916326398938935,1.15168628017419,0.906736043053026,1.40024446269843,0.723161558554153,1.14183104994786,0.929906803575215,0.4110217240062,0.871893595078433,0.927916235251918,0.835365167573915,1.69209054849923,0.785187699823586,0.85755202920489,1.18643948677855,1.04404304684347,1.10597928412053,1.01757222262748,0.823863206063365,0.915526100367525,1.27614000917692,0.997083615160659,0.672667720703112
1.53188443627731,1.39329088231652,1.16875754291443,0.907506816152252,1.0807096491956,0.801542002695807,1.00727468489751,0.701127452421131,0.7547272094589,0.911369226789291,1.10097611622589,1.19553141262888,0.745138272018868,1.03061302254376,1.43511236753363,1.55749428838554,0.769140197293867,1.27044232558535,0.81803391616202,1.61041832996928,1.26106636161249,0.812846244743033,1.49152134898814,1.31328965446043,2.27007358863615,0.812903174632811,1.11838280638663,0.934856159125968,1.36402996373029,1.02818850654805,1.03491426881858,1.04431362689123,1.65486522111915,1.12350146308334,0.52355582642415,3.16851814535723,0.939251805711485,1.33205564782155,0.898154477731991,0.957798035244697,0.53406842759822,1.25614890737709,1.00013052412184,0,1.63780582358567,1.1965436508146,0.936446249618198,1.07426594497852,0.79742874325443,1.0267070834544,1.31448656449982,1.00561026223743,1.10504502662847,0.512422018449395,1.07246235076602,0.746260922130103,1.05931502900735,0.858090925874792,0.875126845900982,1.85493095565364,0.934502501172923,0.708427151928619,0.448556919902806,1.04827924072826,0.888789511573496,1.31068286045385,0.95290690160174,0.778326579620768,0.926829575239365,1.02598928357016,1.28274747467963,0.898148203517295,0.788903339613857,1.19349617307545,0.960802121470771,0.952651885041123,1.27196632507639,0.892998106896206,1.00155536326186,1.08846380620222,0.756450895587582,0.652076423262232,1.20648180513944,0.753548627332065,1.00498894897619,0.699324684046313,0.894833393070088,0.999206031381946,0.86477850510834,1.41473729465893,1.39821317622778,1.26289848657027,1.11631844609123,1.20308955297666,0.883776791098243,0.834431599865763,0.873058439143094,1.05780226298395,1.10533032243949,0.804251704720962,1.091829590548,1.21789599594889,1.2944855244694,1.26807293316353,1.25719896242178,1.44398381455609,2.03221419890733,1.54821607232237,0.729967309062642,1.20043781012203,1.05751208238874,0.913854387134368,1.26158590342168,1.90844209468043,0.912485732633958,1.71861196954605,1.06323054743484,1.08599588202359,1.76959595493959,1.77406699911711,1.50128025974654,1.39208896097899,0.893727874983788,1.32179796451366,1.2010673799199,1.53310360375424,1.06735166095738,0.718268206751288,1.09193283558538,1.39711550398157,0.945451630877911,1.17848949348419,1.13308979782215,0.969401176061727,1.15768259714196,0.969259578092741,0.604429208301985,1.07732563980598,0.960982826640964,0.909774986894466,1.30222027955653,0.766039370900892,1.10676635758001,0.969402211942753,0.930013985626428,0.862687250691616,2.45689486527995,1.58032803263096,1.16697102952326,0.690075503072242,1.16767346560771,1.53977136171951,1.11143615940642,0.951614374989778,0.97233279263298,0.76011233348515,0.90001911420152,1.21827978897393,0.897124077443186,0.901072107530467,2.05105620503771,1.24275870951688,0.807222066334233,1.33978123358806,0.94599150080387,1.07631763384323,1.24182199572676,0.839959897455874,0.903512818144252,1.15622205909279,1.1093057456395,1.14235848173178,0.825194496569546,0.668139629421179,1.45877226486998,0.91458821344412,1.38708009048561,0.938696064930171,1.02721828849319,1.50974240225325,1.10743911079477,1.19599667883624,1.07838076507582,1.15718554009572,0.77835062972391,1.3833719705136,0.593054855975161,1.02889964718906
2.58759534181653,1.07428524191405,2.28003570057988,1.38267750537662,1.40031145773424,1.62667765073423,0.953351642133966,1.69804611837581,1.53827971268886,1.28947274302474,0.945580275784331,1.38117785295093,1.55368470410854,1.13738499288091,2.39621119419395,2.51672214209134,1.30546637605064,2.08739833800079,1.3738686019136,1.36605567354535,1.26328146428145,1.47089749600644,2.14456329140657,2.04487196261062,2.59705397954975,1.83657389124327,0.858372918939881,1.17319062267921,0.940104065149096,1.35042674679393,1.48623055865507,1.16245001568214,2.46721260420663,1.29354841922205,1.72436467113399,4.23135706029811,1.19080748550125,1.26972198621874,1.57552572041769,1.14207166580298,1.50860418204921,0.920867674542315,1.07916365385913,1.63780582358567,0,1.76678924856103,1.10789501978996,1.8329322261831,1.48893610132304,1.36570396194811,1.27987039671298,1.23941817531448,0.879202314781714,1.63352573440537,1.77488310013436,1.20673108795786,1.66914379344072,1.22061009620231,1.8293603903304,1.08120792340465,1.08137294787205,1.52983612284398,1.52312313042836,1.67141548488492,1.90635342346329,1.99631574367199,1.4305792096554,1.56017220289495,1.56435537514597,1.53450575878029,0.824261142872741,1.07242919349168,1.87863928261601,0.776534058187659,2.14282886754835,0.97472194329512,1.50588357289438,1.29435566968165,1.47119435345237,1.69826315261872,1.33332863864377,1.60629048119802,2.04487268386459,1.3664445092558,0.99947348424902,1.8512743142349,1.35915833344034,1.24229487797124,1.79116606174524,2.51275418650568,2.56242178085832,2.46663355607586,1.91517599085062,1.86710843880773,1.46575856060698,1.8392547083993,1.27885482873014,1.72235900139303,1.53185254807653,1.60385707465764,2.13415606287512,1.89228985035128,1.95098045864575,1.7029853607266,1.46303940793843,1.37998652143696,1.97960735940106,0.915396058033677,1.38662435739988,2.29883344488701,2.0503433934411,2.02118231801837,1.68370957237685,2.70535038907496,1.36100105761539,2.6230787174538,1.28450923509241,2.25309317160889,2.48693213421149,2.47865663603479,2.35402822304989,1.69416731240985,1.28790668718196,0.727191223153507,0.675190054976843,1.40190112608111,1.83203665325558,1.46123725072656,1.75353615053782,2.23038799939367,1.54218308070323,2.24303086314894,1.37356510265065,1.25595078392823,1.5208296322297,1.32135654379617,1.78845278219789,1.72247189032291,2.0282314881871,1.15353561020609,1.14568946442439,1.88448835314854,1.15331712809308,1.35412919620583,0.959039644447399,0.967448272358433,3.06545307298859,1.8665790661369,0.751453458555194,1.20821894246323,1.93502052579181,2.14988692281511,1.05978790078108,1.22627515155252,1.15509712611979,1.30310779413719,0.974106337001249,2.10892982089782,0.973455961934147,1.18007839934675,2.972314086039,1.33712273793256,1.25559001992361,0.546912414183476,1.03316513216643,1.60073713132787,0.934643185871652,1.56791978838184,1.71394705693677,1.46004563969271,1.72297529700688,1.63548016871421,1.17180133492338,1.41389168273715,0.266919970775384,1.38101476570666,2.22201454960724,1.44628699205443,1.59150651227619,1.38281409747215,0.930046917552514,1.82264170531248,1.78069286478673,1.50668319717797,1.28741844964852,1.94905267911058,1.68745540294912,0.945611496010251
1.92567742675429,1.17391088168913,1.32397655377918,0.924058355790316,1.21993669953115,1.01979195563615,1.27989941112433,0.876287662664242,1.3375893720308,0.886252445440168,1.2633967837227,1.958316632408,1.14767454735926,0.939677048956697,1.26118069653529,1.37183722781968,1.35633449030787,0.940581468698588,1.0209895977412,1.56696633250012,0.822808529923926,1.03938433372991,2.12824254432179,0.970674439211857,1.81993634571381,1.19038755482017,1.62772823753061,1.40272938159563,1.03205304469,1.15680445517852,1.14171002538817,1.58026583365424,2.01913423183141,1.71039118642367,0.969908907943817,3.04767443699711,1.13362565977857,0.880484316796685,1.70686827470073,1.52895624192436,1.07261617068109,1.2527445812976,1.06106177230331,1.1965436508146,1.76678924856103,0,1.59475490402748,0.604092834350645,1.18369250537409,0.863106133902514,1.93039361354362,1.3837554833862,1.66943444260507,1.13393201375512,0.878131797314554,1.35518933013941,0.988441068821489,1.37404643869607,1.12887830379847,1.9815261866254,1.53974113398863,0.666483365298336,1.05134018307325,0.845961751459223,0.687704054379023,1.00409649720415,0.913874732556014,0.76852415820028,0.858307208593668,0.452419234177966,1.48693955424537,1.14725304182467,1.07057681793382,1.69515478664973,1.53941836371995,1.15834507154993,1.65661487243725,1.00808395070115,1.22634931581507,0.97549392490563,1.04384492411309,1.55369119089151,1.13665587983527,1.04419835815303,1.16797228757047,1.08209498348314,1.38081183237005,0.926160375662028,1.76626915197602,1.73125660525045,1.66995218878978,1.50513290976879,2.12463908247603,0.980891601558344,0.922547827291353,0.803598193281512,1.15572365695683,1.47092029758202,0.980094180961571,0.815340148555462,0.913258694287403,0.924974116324734,0.584636711255955,0.668310295171705,2.08308811714035,1.00931252965693,2.07219768306743,1.3806972251719,0.975674936830066,1.06553765367248,0.776883979250403,1.18358193331371,0.773601498008292,1.35341933669483,0.93899527205481,1.40959016845454,0.740456137942874,1.39840395773154,1.32060353432816,1.72065591948618,1.40728156705622,1.39347547523678,1.57284389275443,1.31251992187201,1.38523029723404,1.46772878014446,0.874705635115097,1.12656051447311,0.925931973435043,0.927601724401421,1.59561313674296,1.22371319755572,0.771993950751831,1.0333351206375,1.83585047391637,0.976703800952599,1.56844168041235,0.93818840843274,0.889425517215547,1.0033820410291,0.988744941896566,1.07832518560833,1.40733088395312,1.06213848618119,1.16839960299952,1.07149842828526,1.9456962691218,1.03528683605708,1.52193860003074,1.01516394748304,1.35134751280703,1.737504256261,0.938852587024868,0.764502531198307,1.25760941816681,1.2025861935159,1.0788191403005,1.03090052586847,1.19017606162921,1.42622701922342,1.75252759026818,0.804634400457889,1.39301335870644,1.4010093487539,1.22802134113148,0.757991234259224,1.65880449447534,1.37154397603799,1.77918872893618,0.709163521369867,0.680141530931189,0.460496400173176,1.11841657233052,1.5203945063162,1.66872945223502,1.50631761788962,1.22037886396934,1.07540917258016,0.623267133663537,1.36787991586832,1.61974736489133,0.679803174880894,0.969976591419846,0.740138016593412,1.21944465751124,0.628152377669923,0.865526248574955,1.20944820968952
1.92579647460395,1.12208159152598,1.8707011883165,1.01077496653128,1.20220991455147,1.05835035421,0.615565218570048,1.30512179270068,0.71732095029144,1.14284025795433,0.734540807798444,0.684921687935387,0.767454789536638,1.15450681028219,2.01871572242429,2.13357169620281,0.503586647192258,1.71431720294912,1.1328773074268,1.54002784321733,1.30390487018804,0.943935384679038,1.73439179685191,1.84877260864492,2.61291644555215,1.31222324745838,0.54024155313981,0.430797031090018,1.2202394861196,0.844454075041421,1.30042720949445,0.730517750047015,2.07647410741507,0.959599206684086,1.10620964795186,3.87853194801308,0.862196779962382,1.29462272793969,0.922615161821114,0.810816270929039,0.89896415973382,0.980803486716577,0.847782278927391,0.936446249618198,1.10789501978996,1.59475490402748,0,1.60265787422687,1.1053142555862,1.21219354548924,0.977792621720528,0.867602809233482,0.547492540016259,0.984182228005642,1.60236337797411,0.47520842540214,1.35841542692216,0.74054842048934,1.39047017997604,1.56435958674582,0.628206258905505,1.13418138252325,0.909652879281837,1.45988818922668,1.50940905348858,1.85275262290691,1.04656538442046,1.06798836074978,1.21617908089211,1.29060981936349,0.812729623687755,0.646695066460969,1.37541682105736,0.766716724832602,1.47327680855311,0.837504789866424,1.26704800777084,0.890769092195061,1.1032961733185,1.46153421234456,0.743244447467233,0.770956720459692,1.77644415440914,0.950659027964932,0.804102890170784,1.21208994172079,1.03544443785319,0.986941438265317,0.866533300783122,1.94778705669663,2.03713770154613,1.91664472577974,1.16621235445061,1.65002451823843,0.960685205427835,1.44422839194444,0.722931920186442,1.45249746845286,1.34241476067865,1.06494456076659,1.63475440730281,1.6824440955743,1.71020073675266,1.50711597684222,0.958158665298556,1.32047274844884,2.12805007114328,1.18948580156064,0.967591943959833,1.81846801502863,1.75499434604151,1.56574858770708,1.57315857485169,2.52867518281554,1.08044092488244,2.30112952657237,1.12471394521281,1.66797545506568,2.25297608149575,2.30975729593907,1.90658073770428,1.700351410311,0.519190817213389,0.974359122780395,0.816858097873693,1.55875810510738,1.46091108795746,0.855938142415747,1.30835410180127,1.97939020128994,0.718851714236162,1.79731120208964,1.18243675592851,0.976575004432957,1.06771061359483,0.892391136971079,0.912589213488165,1.41357419685687,1.60714387077494,1.08693312951057,1.14834774808854,1.31312572450031,0.658980610376594,1.07834620616544,0.688071833301687,0.791803694536947,3.03311938241344,1.76903167708446,0.644896428341125,0.771975385941104,1.60921606922156,1.89161232857391,0.978311451420332,1.09392050822343,0.686856957464901,0.903775905693307,0.842877207898658,1.72935104663879,0.686988910623615,0.699386434860219,2.71366571793867,1.38591099360216,0.591190793381582,0.849531205306147,0.792888446524254,1.39822859883927,0.994902704182651,0.799734385706305,1.02272140322763,1.25617094791082,1.50895314001701,1.46799971661837,0.7322216659787,0.457298924080178,0.892201215622586,0.484653868052187,1.86147379416552,0.991812553124887,1.28881620995216,1.50941812451011,0.730872479751199,1.50623875638342,1.42984518896063,1.40488862194163,0.886112725627813,1.76806983061245,1.17548953405298,0.809456474950539
1.74036650106015,1.29342257725582,1.09200740791205,0.994682709883726,1.22474495667563,0.997607104142911,1.29848975523197,0.865006992559102,1.25473631741343,0.890599652802408,1.33821995153429,1.84147416602482,1.15703065378798,1.07798347920721,1.1083050066876,1.3816052200959,1.36142711117332,1.00112561667911,0.996432876504693,1.62074533215946,0.984371991254953,1.03250936760074,1.84178095789625,0.752828136773485,1.79325697288829,1.01372385223408,1.62191711413914,1.457712530589,1.20272742469846,1.20208285236391,1.1724547015149,1.55056427329325,1.71814938160842,1.62290173133001,0.930872011532586,3.01539135870848,1.21701844004938,1.12141615325565,1.63263467023125,1.49161703878006,0.993107835517343,1.25956323232204,1.1433935600345,1.07426594497852,1.8329322261831,0.604092834350645,1.60265787422687,0,1.24530783794247,0.912140786795843,1.84692608213013,1.28603590691175,1.62879830600257,0.930210027839316,0.72260432445809,1.291564702679,0.97561543551062,1.3079968376234,0.900810939428344,1.9914453037517,1.46094481484913,0.78062909401368,0.986240482671512,0.685309688841132,0.565366898068278,0.858691109787078,1.00799639195731,0.795184746091449,0.732265954022153,0.734871020393522,1.53668607080061,1.22727856563232,1.03068985423584,1.64198984716345,1.48489677163342,1.13656047011138,1.60403769005722,1.01428775290275,1.2216155031775,0.979089687897046,1.1210565090421,1.43404718630542,1.21589895830363,1.10618762941971,1.21739209970836,0.964543960771789,1.25544439265335,1.06265701861675,1.61237452557692,1.48712733978428,1.35350156589685,1.29494663326443,2.01325529067473,0.723271246743107,1.12207791786407,0.534375307317087,1.2399020138024,1.24365593156446,0.995514107637072,0.907746457616873,0.797291797615262,0.845311321225995,0.612024750248947,0.828739593430335,2.0108074923556,1.27400632047562,1.9917870557926,1.56845612914499,1.06457098112765,0.912345942880064,0.698195226148159,1.10868275387278,0.93461963385518,1.37930198305099,0.885813617690054,1.35672182502948,0.960151726304909,1.34590719064603,1.18926288476275,1.70604653946132,1.52263288500794,1.18100947303137,1.52368685104292,1.4260875324415,1.45399037669034,1.50238659077058,1.07217832112961,1.14388333121571,1.03657218108535,0.998017596689837,1.52855626583738,1.04321440780878,0.893780833256293,1.05952517090468,1.81023739459673,1.05054665202597,1.46692087864705,1.03438025204596,0.737524520694086,1.09717008666091,1.19171465014979,1.04634112811617,1.47603275910241,1.05799069327237,1.22121614533952,1.11099623853715,1.85283281246982,1.20185411385387,1.57809632055986,0.988519808911192,1.39297626843815,1.60663312210162,1.07843558843357,0.898931278982783,1.30821019903192,1.20265081349191,1.12540347804668,0.998280172247919,1.24536001410753,1.38238405561752,1.52757737901319,1.0719376819096,1.40339560364768,1.49792263507795,1.2756864483256,0.632902608828848,1.61749176566824,1.33752732065916,1.63151068755621,0.839221581858183,0.917179446294196,0.57303427593513,1.12328409855675,1.46035735895198,1.7325731633176,1.51302621873059,1.20435144614437,1.04394801799437,0.704173317428858,1.25579364856868,1.62317867715955,0.775614515675865,1.02129347154949,0.75695310467582,1.21239305625024,0.676361593645195,0.731252273252641,1.22239111949755
1.92351037546733,1.29659901574871,1.45515150170553,1.02586049359435,1.1200878914155,1.02538945293654,1.04305363195562,0.809556805209296,1.05469079033874,0.96103955908784,0.931390605853728,1.45021808037827,1.0857583805957,0.846348365736004,1.60691522380057,1.77071653295856,0.965239071194828,1.4452983920488,0.617039209321912,1.16653868169704,1.1041715523858,1.04562035010591,1.7193129939105,1.36058678229215,2.22674785762845,1.16852711700348,1.04646886801731,0.960137161560021,1.20237685026226,1.0770772099235,0.839383280625447,0.938993075088744,1.79713825756161,1.31504283654661,0.908595676855856,3.34866927055444,0.891431265695367,1.20018747767513,1.00347377753724,0.881730550830834,0.861389916326715,1.20722530228772,0.976597064256279,0.79742874325443,1.48893610132304,1.18369250537409,1.1053142555862,1.24530783794247,0,0.93073130747681,1.42442845530273,0.865927528495683,1.20186567302315,0.990765645644319,1.0586781750836,0.999963075617043,1.14711498094639,0.982824186204031,1.1629538534559,1.75233252962118,1.06638822497285,0.738402202712615,0.839144927845639,1.12040578376706,1.15259632278636,1.44363046190586,1.00762082272637,0.987288262532133,1.10597391518869,0.974644683180207,1.20782586260161,0.885303292959348,1.01898712933126,1.18806204586333,1.33368375666267,1.00917030078581,0.96934961188604,0.94156547109571,0.933378248898677,1.13043542393721,0.846079825392084,1.0828153680991,1.19007048977499,0.605226917780961,1.00753952678522,1.03857252677555,1.01106140658427,1.0295554266849,1.33081505633884,1.82413781991426,1.76417594144114,1.53132403649887,1.43381120929731,1.41527443105944,0.962207073680731,1.01012839187563,0.882030967494126,1.17989066005983,1.03583805543739,0.974826840625183,1.39829576218814,1.2055499076423,1.42446495117056,1.24003415769208,1.41788683032399,1.31794347027054,1.91332713240973,1.30015907594039,0.756745796522871,1.53923344863885,1.13690132270942,0.885131970362783,1.18658023925521,1.9229971677217,1.02307358064856,1.90240083725174,0.90099274545078,1.34706223395369,1.82202817444978,1.76901519838981,1.62106723045108,1.49083226866907,1.13010509404315,1.18360556295256,1.08735784208286,1.47519743201802,0.786762602605085,0.884398589295911,1.08023466651565,1.47657151767513,1.24750237398679,1.31785423600844,1.11802759731107,1.00104589769484,1.24939317995586,1.0721586494305,1.067037095573,0.824303731022441,1.17995860840279,0.724560277908248,1.1614471973094,1.0927129704128,1.1177419407136,1.05890349892922,0.933990542168829,0.864485459507045,2.35129908558754,1.4155012744646,1.11828459855502,0.826871865689713,1.09501537084761,1.52675968350619,1.05495239910878,0.908374807822865,1.0457461936248,0.73003727330256,0.845379301198747,1.28859706111403,0.814378161726863,1.10235955147095,2.22573274513381,0.995349093394445,0.975719560291122,1.20798893581534,0.919788478373353,1.13473446273872,1.15046211726739,1.13893416788982,1.15836676724563,1.2012664142962,1.06463622848409,1.15828461676717,0.938142965608066,1.01059584958782,1.33622144026026,1.15959514126031,1.45422537796437,1.1232923490216,1.05572678083005,1.35358049925248,0.956274552208553,1.29460228484276,1.06497665469022,1.23049164739378,0.56676683157639,1.32228389659218,0.988902014105329,1.05635153486386
1.77370551084671,0.976681068755551,1.46844991944315,0.709044974065486,0.775774252563493,0.883042751153393,0.993735898004169,0.881251205741835,1.0265754659453,0.58737947121446,0.822860923103202,1.43385706923059,0.946859271151891,0.91914681403241,1.42122324587394,1.45640996003453,0.976868499378385,1.00599607549572,0.806792371321196,1.41223123756659,0.6245722728574,0.72967440594518,1.74314680965644,0.98839332558277,1.89401063455851,0.832256207216689,1.1348174056455,1.03862077081944,0.892568555097556,0.865734821264693,1.13819263039092,1.23181113676652,1.81921974178355,1.09418721281851,0.935074980875582,3.17578731798656,0.902710973078723,0.986093587556718,1.43493063502419,1.0044194256411,0.725891159429238,0.854616548076937,0.645757412480953,1.0267070834544,1.36570396194811,0.863106133902514,1.21219354548924,0.912140786795843,0.93073130747681,0,1.4827329065098,1.01153394271476,1.22883275713612,1.0113896638091,0.837846189330669,0.941882333870829,0.781455560319982,1.1017598147754,0.8306179631703,1.63913453649484,0.986321255888678,0.76780557310122,0.876488927826007,0.702663115906012,1.04706415291922,1.07216692374095,1.03775717702595,0.905734218435027,0.663180040512109,0.761326140813405,0.946415674154073,0.692866269288179,1.22129133463968,1.22962739805347,1.51806401139198,0.867128557618758,1.30324766617743,0.669658659098272,0.883248410968538,0.666657527408793,0.872354368972819,1.24344465795806,0.990729449112882,0.748159209675081,0.640428165133134,1.28795353011325,1.14907025359599,0.561526728965754,1.40396641467629,1.48918343830597,1.55740890944565,1.70862524671081,1.82315946239564,1.24253275240173,0.830769163721397,0.952679012144605,0.743133994589631,1.17505534770439,0.53774133090749,0.973677341291323,1.27722980758978,0.869811963389335,1.13016049409627,0.793194338461117,1.76884843041498,0.959512040603049,1.79777486784045,1.00852277423759,0.742020828185023,1.52769018051524,1.01134272980208,1.11378815394983,0.844983140642477,1.67834457814524,0.540176703861169,1.62434740785141,0.68708014283851,1.24971694941922,1.45988583364122,1.60836808544765,1.38709496651606,0.93875916617481,1.23888419910212,0.879849893172237,1.07682481084522,1.1502363668011,0.869381981083234,1.06155609786969,1.07441121940447,1.26301427120172,1.21537393504648,1.29718378622813,0.737852483993841,0.546162274547213,1.59872438640681,0.731634730572997,1.32447964551859,1.10695412507334,1.10442824424088,0.763563621614819,0.948969469806308,1.05003032430543,0.980754868701912,0.896231042163543,0.845170846098693,0.746332761774649,2.21076408855948,1.27701727509227,1.05735450480977,0.666327090296673,1.02061045331509,1.73970513602794,0.76985049308702,0.53849143695582,0.802854651090948,0.896647546434947,0.843332087832828,1.04946291070523,0.883664051045718,0.958444129303773,1.99368336569815,0.77296567398423,1.11644562740524,1.02288188293762,0.987509443566801,0.733886255610762,1.38680646001344,1.05323145521099,1.47429888429594,0.797854261787675,0.921815069284249,0.766676810967628,0.679074996656839,1.12199518004646,1.28823789468114,1.21853187040376,1.51258957014763,0.780217780681911,0.721102548406909,1.19723281632108,1.2362542762149,1.11043833918308,0.831692339456472,0.627811241016626,0.979063927803411,1.08642191071048,0.911723759993735,0.897726583379193
2.04270897544838,1.69141926015763,1.90301028893876,1.31687245794481,1.26357235314666,1.32779705989896,1.07664443418919,1.65839195298883,1.27784625001055,1.5035048935577,1.2779015177228,0.853616046512662,1.40327438171808,1.51442632372072,2.20525302882406,2.28016519933274,1.0625083527653,1.94523083148011,1.26791276602257,1.80845368086691,1.66825364933172,1.35526197128249,1.61889645328562,1.87714141502046,2.47781375899114,1.5340610553066,0.995842821115438,1.16668421267522,1.57908428284657,1.46216352550295,1.34425916913627,1.048752461091,1.88203738314707,0.973514281323989,1.54284025578762,3.89844119436172,1.42388868286924,1.78208224594136,1.2002864382629,0.842478005946725,1.31530482607261,1.41119670649928,1.34008498105814,1.31448656449982,1.27987039671298,1.93039361354362,0.977792621720528,1.84692608213013,1.42442845530273,1.4827329065098,0,1.19365242055111,0.714167044803815,1.26464723216378,1.66848003027761,1.06253106639266,1.63014536336079,1.13278484655925,1.57659898841601,1.28784421148331,0.95921765996558,1.53614740874098,1.28388435733022,1.56295073750303,1.77723089544283,1.94255842247845,1.60711803768828,1.59877889540993,1.47163903634323,1.73573402433904,1.2732249162928,1.20794628691772,1.61046860700767,0.71015226859146,1.58271526079618,1.0378854244611,1.40474901244027,1.32326814984403,1.3153893949422,1.80084179249836,1.36356446045867,0.921936032429793,1.98627407419636,1.45088594965677,1.26448085984206,1.66409164756063,0.884814785810374,1.35592152902202,1.15857810075841,2.06496378103997,2.11731554746288,2.09814490555509,1.09115376146053,1.67336885381521,1.57217328627096,1.64369489748117,1.34173962818895,1.18210608695652,1.67299721394336,1.64252501312699,2.01084535259443,1.68713089667086,2.09617094443168,1.908526497595,0.944543489152165,1.91463937179412,1.72964141494875,1.69126787563602,1.38441772154919,2.10027763326854,1.97784750766992,1.81234477231457,1.82912808346022,2.66754666882792,1.30323682230687,2.42334463552102,1.48385970248737,1.88139473711549,2.38972456603943,2.3580701791612,2.02850881066608,1.57942717823056,0.963173909482843,1.20924488599746,1.28426614947879,1.28987090459021,1.86858883361015,1.27552549425405,1.80518239211403,2.19749905847927,0.970327278535141,1.83809072356884,1.61967469524014,1.41265656471398,1.45383240836323,1.43352833967766,1.16881638513064,1.75554637180314,1.78992101957459,1.27294400798843,1.70813373208277,1.56733777484891,1.23412613965114,1.22559543401084,1.07207098187025,1.15852178715298,2.96772048114495,1.9955426014814,1.19008567196338,1.12658028530922,1.74247264292447,1.60558155481329,1.48578970829725,1.43770881779689,1.26781685260164,1.02197321410583,1.29198834560254,1.93927473837028,1.03627245963055,0.755023168523086,2.73057907673566,1.77048036008834,1.01176475041454,1.30186772731692,1.04907328211975,1.77897959309088,1.11820654127865,1.24288706982518,1.04995914254669,1.73918858941437,1.79675722345455,1.81774144998084,1.22463433043815,1.05428301801372,1.19371498343351,1.27453925707971,2.06088188749054,1.35252626370799,1.73604555244625,1.72463280097525,1.02095464683377,1.97104911148758,1.74715224380525,1.66509789340409,1.22387174147997,2.126974259483,1.4468282721966,1.00984774168418
1.8985070356232,1.11183576130445,1.69630608960471,0.919523908139017,1.24916562903541,1.04453958893001,0.747115991382321,1.13805736962798,0.86765579081093,1.08622081001743,0.676145861317071,1.13558025601397,1.00631563111544,0.973548453174871,1.81247516771839,2.00064739953091,0.891067400796901,1.57797278041495,0.832476782860649,1.12006311800337,1.1897987231287,0.937066248107576,1.58637196943893,1.48671369874029,2.3383323474621,1.23075627459888,0.770926784890668,0.702383321567286,1.15449867209156,0.929563097547964,1.0016667071345,0.509105881231504,1.79966018845641,1.24790087967289,1.0670191495425,3.73272833481133,1.00880063743189,1.17159706455486,1.00071049071949,0.765782566124329,0.903836447013605,0.944640252639961,0.969859584586585,1.00561026223743,1.23941817531448,1.3837554833862,0.867602809233482,1.28603590691175,0.865927528495683,1.01153394271476,1.19365242055111,0,0.853413537155504,0.887017215132528,1.20566724823774,0.821103405845651,1.23599918666298,0.837846707328504,1.30150115470091,1.58679470179821,0.896268894872727,0.999611459345285,0.91558802910524,1.19329544296506,1.30518918718062,1.59560915909287,0.987966727382632,1.04392242250206,1.09534531102391,1.15050958339848,1.05468663347711,0.811250347345971,1.23136440769844,0.933694258187382,1.49878903723225,0.844201447809116,0.783943033155258,0.839406305884205,1.08967286912579,1.42489157332107,0.863392373581472,0.993156572789168,1.60386019325195,0.863043542900269,0.958750005054628,1.08943675033818,0.971515934168012,0.964325164501926,1.16840179433747,1.90995305078163,1.92576306268433,1.70797341828345,1.44076919358989,1.35243540113075,1.03515687936152,1.11495835405281,0.908647354383187,1.21213440949798,1.2324712556928,1.00608935384119,1.49723993633061,1.33081107439825,1.52459913809693,1.39342045401117,1.26236340675792,1.34067306741871,1.84622691521849,1.25857970783753,0.962788910448273,1.6885098761775,1.50560514089486,1.20151861592639,1.3741312263467,2.27787863298934,0.964996608597451,2.07725141818137,1.02158897661084,1.63098000599092,2.0091596904134,2.1810803189303,1.89204466027861,1.52346064418346,0.812149679000877,1.07103648262786,0.963673853625517,1.47854148708076,1.29429139223536,0.907741663776018,1.2538337364583,1.75365740492718,1.06474906353421,1.58981062201909,1.07420346187207,1.04065944446799,1.31899838561072,0.92962774772574,1.10903660411283,0.950398735235163,1.397327892648,0.940663563375605,1.06529039640288,1.24644273462467,1.04393170415472,1.05407659971967,0.722938809160803,0.855977914931705,2.57753945077068,1.62667469470049,1.00708036293679,0.767016418957865,1.49643412936755,1.62412218785552,0.943960917722026,1.00667877173484,0.953968940240133,0.71575750581111,0.830498182395473,1.47317866784735,0.779168613753912,0.909531628228784,2.47408373739389,1.22493531530486,0.859199589754673,0.990902830714041,0.763639980663805,1.14401063027505,0.978558656700325,0.965402983164265,1.06642514785142,1.13993346600911,1.31876958089027,1.2481416939665,0.874847231273257,0.917267564371461,1.09663147127043,0.995967282526738,1.54830783435825,0.948901222321895,1.08634372123679,1.08345608279533,0.720000132810379,1.40040759246427,1.38079450879464,1.25824410629447,0.55779942073408,1.40362711174059,1.05282966777145,0.793865364819913
2.02679553576263,1.20203684473083,1.83567014627688,1.00454704194123,1.14423671024006,1.13095737767448,0.634372582462423,1.44090049986707,0.932820470344047,1.22217896223982,0.835505071389375,0.737873862598338,1.06936781491671,1.15676979958696,2.08546376077392,2.16406999918132,0.764902271222422,1.76876308694256,1.14687714139947,1.49828099539806,1.3359923537263,1.05971870898167,1.70775512262728,1.81884596916217,2.43736041768164,1.38310673776025,0.605667713728643,0.685768232242906,1.18556792261341,1.02648271032149,1.22317678590742,0.710877127457989,1.978876784976,0.947026419665855,1.30900318473369,3.91470695470713,1.04812118528166,1.34043951707903,1.08131497845555,0.715529020213074,1.05098284266973,0.983268552535229,0.9428112640742,1.10504502662847,0.879202314781714,1.66943444260507,0.547492540016259,1.62879830600257,1.20186567302315,1.22883275713612,0.714167044803815,0.853413537155504,0,1.0618244034857,1.56806626061245,0.678584215735405,1.39711934563725,0.844832292039265,1.47539179936527,1.24004357158064,0.733061871222866,1.24981824471303,1.01495148235641,1.41225476702402,1.5838008830476,1.78111732528041,1.21324246744735,1.26374926016555,1.24633021940462,1.40829650676467,0.886020921517398,0.785011823482183,1.4587761619922,0.499426661143216,1.53067865318428,0.733520422932631,1.27740222727002,0.963704596710657,1.16532026870692,1.58178888223254,0.960654725373688,0.851159256369806,1.85620595127752,1.1582983259505,0.859970119901512,1.39569103867887,0.908139328493451,1.0470750041701,1.05096256283625,2.04138805445066,2.09827821390156,2.0284152416558,1.21440302381125,1.5482251590652,1.18715053656361,1.48783325238026,0.966531550809393,1.27536249573605,1.43066128839859,1.27339455397937,1.75461922422824,1.63064733924753,1.80861510365804,1.601639276742,0.921991532849529,1.46754139240641,1.84486716996481,1.25294464924874,1.06955958829086,1.93818448910329,1.81530577421151,1.67949324259756,1.58371251816004,2.550441881517,1.05062053162417,2.30192253416203,1.19063302361873,1.76911162522735,2.28802526380797,2.32443541740172,2.01098049501315,1.54562174076772,0.65172180152246,0.832669029444105,0.823279569055801,1.26197742262456,1.64375521488943,0.991692288952958,1.51224795417835,2.00153606423947,0.825418159292333,1.83745027675036,1.25575476712724,1.06782586997692,1.2212422138348,1.03275715058803,1.09882755412327,1.49654474551832,1.66518542161904,0.993731211626958,1.23689019329717,1.41031480041686,0.888269247137396,1.02540142597555,0.638591165784518,0.824064204328966,2.96261696297295,1.8271853882601,0.724152103812857,0.818166684886144,1.60295796861724,1.74524413744421,1.02225522902473,1.11744634139876,0.8469747697529,0.862377242288344,0.909557620486363,1.75949933605202,0.694500264514459,0.542005958777752,2.72703759968203,1.40176320021816,0.675385498568686,0.800680886091197,0.686918803913476,1.50637321414851,0.821944748542404,0.95045803181331,1.03130346440347,1.34184142536084,1.57654421261492,1.52408565076449,0.812663962897853,0.756450695887614,0.731867366032939,0.855665206366273,1.898843502502,1.06264687548235,1.41704266480998,1.41705633452544,0.705992088611483,1.674499645178,1.60901382187644,1.38640805160398,0.945216842487927,1.81967962870774,1.26751765610352,0.607222626041496
1.36219967931712,1.33710334829853,1.18650175767119,0.752318758429382,1.16418996502877,0.759645646207436,0.87310678220115,0.819943750324046,0.66445537943325,0.935831607759562,1.0987428591926,1.16847045690378,0.690918086836287,1.05912478814242,1.444809921103,1.53516118823765,0.79509436684133,1.19256139085013,0.864854816520315,1.66413197949207,1.21598900246702,0.658688871812807,1.38401571732325,1.24908231744264,2.20663481270215,0.730861478947391,1.1942071105431,0.948687295820832,1.3268838225487,0.982946090395531,1.06782575674396,1.02722523474637,1.53870226302277,1.16760509980128,0.601522647807264,3.23852647312802,1.07339165465025,1.25402800268095,1.10545935402582,1.06021730636948,0.543818636505569,1.18817463718368,0.99155010057043,0.512422018449395,1.63352573440537,1.13393201375512,0.984182228005642,0.930210027839316,0.990765645644319,1.0113896638091,1.26464723216378,0.887017215132528,1.0618244034857,0,0.987760107800772,0.722309180695843,1.08957372858509,0.945134358863341,0.881230994934898,1.87914287402177,0.978045250818545,0.794968951939221,0.443946670332299,0.87616461077148,0.857369759629887,1.22882027512558,0.978827253552315,0.740183974043532,0.820248354877942,0.966730299120415,1.33438868518219,0.920484088283437,0.89192676613935,1.2239348948978,1.09674948760853,0.913055906707003,1.34978480678611,0.755616714502169,1.02620935906371,1.18987695841021,0.825595209611534,0.666919912063014,1.35797703304316,0.94890188218931,0.993521736117149,0.719570051561788,0.870444160904745,0.938703597775526,0.782378130907391,1.32429041302105,1.29194824649122,1.37644584500365,1.274674681223,0.985510189388828,0.949974211100679,0.781149324188235,0.90882239495115,0.901054716795742,1.14925878151675,0.795751886781928,0.97185854504719,1.16013597229586,1.17774891913295,1.16560696196458,1.39868999682071,1.41445229768539,2.03018169584256,1.58614962998065,0.836358747246119,1.1785475700211,1.13673577193703,1.0382725166937,1.20100856903573,1.88042561053482,0.773443050100186,1.60979155578139,1.05626249872434,1.15219907263342,1.64302745445617,1.83658356034971,1.51994583445554,1.31291294296634,0.77597305381346,1.29405058108986,1.26349317770996,1.48634682224906,1.20809696660006,0.7913363678351,1.12584154442677,1.3812152079272,0.831252359359344,1.08764924367541,1.0613111614615,1.00312982228099,1.44720366975458,0.831075426003543,0.763063501921763,1.08432747576884,0.920140044106021,1.01052610279037,1.2612156707796,0.811836120382915,1.11398770561602,0.977102591103085,0.842120797578487,0.9058040691159,2.4392685568756,1.51538857127243,1.26826398229825,0.67785809871556,1.33127524388101,1.42366135236917,1.03789859890636,0.915451241167762,0.952177065776626,0.812415516257851,0.973599410435097,1.10141396149044,0.885861437146077,0.85068044532117,1.93231275930745,1.26608396702035,0.879152836115617,1.30696877763963,0.868639819790922,1.01373621472853,1.31024304041677,0.658047050591732,0.975751403852423,1.01493360866328,1.10445753237716,1.00341631285906,0.816082669145529,0.744900257287073,1.47620760510836,0.974743657332135,1.36840931623646,0.714620023931032,1.01095843913541,1.40892574016587,1.20627311864227,1.13250616448477,1.19314680618405,1.06547029892175,0.859175153241091,1.2954695005632,0.40591983122373,0.898122133678141
1.76236495380549,1.51335070149139,1.16253022466161,1.04715198242376,1.13663429914826,1.16006231357958,1.34319740144414,0.879395657510448,1.35250049185976,0.905016649926442,1.36251711681469,1.74258970094097,1.30058132559821,1.04780497500571,1.31564968285317,1.44847485055658,1.36592706945215,1.16363694253724,0.803012492899735,1.57908798399476,1.1529715767257,1.04602742649322,1.54074609369457,0.766056981531308,1.82625350310866,0.921935324593574,1.56559769727735,1.4792995444698,1.34847338769733,1.37976563975696,1.11306956268796,1.47033678269043,1.60734720354517,1.38192044959386,0.970032986203573,2.87242641914583,1.35609887821974,1.33514475713426,1.59087175827304,1.26886047776539,1.01463145971345,1.30855579252129,1.21353994016288,1.07246235076602,1.77488310013436,0.878131797314554,1.60236337797411,0.72260432445809,1.0586781750836,0.837846189330669,1.66848003027761,1.20566724823774,1.56806626061245,0.987760107800772,0,1.35385783321814,1.02137576097898,1.3970321686284,0.940099326317492,1.92727431780894,1.29980639261055,0.852156495973388,1.00242311952071,0.776053461414742,0.84368261035637,0.879842406669225,1.30326496158647,1.13142849337161,0.959182276319603,0.966842863319033,1.53980541837445,1.23590090775201,1.08778967868321,1.54767419064799,1.51110333751881,1.2052913684246,1.42558406213718,1.05001617603654,1.10102658490401,0.977341942772816,1.25595968140656,1.38988056084643,0.961645625395869,1.02538163590315,1.23023633353716,1.21830507902094,1.22921596201898,1.06373369685436,1.60345841811346,1.48267416935182,1.41058752745202,1.47726742337703,1.84187476413849,0.971119290441025,1.24524419089488,0.688215183288451,1.25833795686826,0.966112157625214,0.91527374488628,1.182949579357,1.16082929540755,0.828079401892005,1.07328360228945,1.03967046623693,1.93071922387915,1.47851239157514,1.86475341282198,1.61966278709921,1.06901081262393,1.26188708955534,0.760768931678201,0.916535772089027,0.971171599438815,1.28425697611777,0.891876196618783,1.4148169665699,1.07558843447847,1.30181142808027,1.36326280569684,1.4142661996337,1.4531650943398,0.992646799870068,1.46377446172405,1.40516030431087,1.52297994000044,1.38724542709185,1.06064044032383,1.27355606138437,1.35503061290177,1.17208495423105,1.52851011718819,0.963759453499592,1.19982427349372,1.1618358499142,1.84433764446525,1.23934549018885,1.43741891406051,1.06033258350599,0.931564935662555,1.00442451046672,1.37766738735391,1.14989689933078,1.51100853108368,1.14658363858029,1.19557786605528,1.13909022849211,1.81369561196307,1.39783016931476,1.57680616133594,0.998044449082142,1.1770801814959,1.45159903259968,1.23940642712508,0.86766329057504,1.33917515868904,1.05927327752567,1.15092052184027,0.907584318055672,1.23369773732739,1.29184182841977,1.61365768235385,1.11257871219328,1.43925647206023,1.52467596281597,1.24162372307563,0.804144890468301,1.5685772422489,1.32797465054213,1.55603202732727,1.17034496512926,0.953784642664121,0.878963536537992,1.21760290129723,1.42987620436383,1.71050661316444,1.64843484821177,1.35743790349679,1.16090478844426,1.00710123950418,1.3183809889778,1.5047739030893,1.21770259788155,1.09263209302314,0.829502110260988,1.11988925621477,1.03530407509301,0.815429149004691,1.23073136549694
1.71138078073926,1.00941042437462,1.62166360733047,0.848176673204495,1.02179195284287,0.841020239403624,0.56925773315696,1.07164432666561,0.535573897076824,0.872150669400609,0.696023936338852,0.791736760794321,0.59430095978313,1.04760329954714,1.78436218535138,1.88606804628438,0.41976727566387,1.46318695328871,0.961591602920367,1.53178111248951,1.04009708009167,0.741409085351284,1.63806666534425,1.56666909240169,2.41547174858857,1.00529608914835,0.681306183804349,0.524067117242776,1.08109199274296,0.675593875445194,1.21458109425449,0.833233867081479,1.87195670934488,0.898399649711145,0.915125195420386,3.6586755978927,0.732898946100147,1.16021103115737,0.975670825053223,0.828241708320497,0.590916730587805,0.866300495104252,0.609552053071218,0.746260922130103,1.20673108795786,1.35518933013941,0.47520842540214,1.291564702679,0.999963075617043,0.941882333870829,1.06253106639266,0.821103405845651,0.678584215735405,0.722309180695843,1.35385783321814,0,1.16600793122025,0.703852169477882,1.03251737092664,1.61232257774753,0.605388465675147,0.967408281453808,0.691927500478413,1.11410979516338,1.29321199348196,1.56808080651328,0.930402093657759,0.826397599543876,0.913073062738409,1.06155317701162,0.783142226156993,0.541874485503822,1.23679754226594,0.840200884994288,1.39479075070466,0.729967619523117,1.27798914050797,0.660094402468089,0.947875174877747,1.15352426254568,0.571111396933655,0.696902096912071,1.57839000517246,0.840274985008043,0.59649761633802,1.06261912885078,0.918964933123258,0.842882347895924,0.716114376804835,1.61305120015769,1.67450412404752,1.74555292622361,1.28205795439254,1.41905160476706,0.839729533189236,1.20288891061246,0.56875058823443,1.24558763379997,1.05402180064004,0.897807464195124,1.38532358122328,1.43231836221614,1.46387353199864,1.22203776639231,1.18023994675704,1.16393317982477,2.04885989797635,1.1442295463614,0.826932280630062,1.61098901545885,1.47758515385447,1.38036480686536,1.38071052637373,2.25539800656095,0.824050680307042,2.04606625350699,0.97352757010086,1.44951711558579,1.92606551769762,2.08552188363764,1.75388372098298,1.39429037612399,0.616653423119747,0.900425341065195,0.823011604463386,1.42449882246646,1.28406030241855,0.775153610479545,1.12436908722071,1.72999074620603,0.664246192176403,1.52140308078716,0.970828860925105,0.691370161100871,1.16141781846282,0.621860984577821,0.8204486767292,1.31159776936079,1.34965885111106,0.974715371671014,1.04974262712968,1.11895603252224,0.589273150774483,0.943364314665135,0.628288357668505,0.635586426047886,2.83423465149253,1.58160332525528,0.715349554424825,0.590138506486903,1.46841605564636,1.78353821500145,0.838355075849335,0.903401025685936,0.543119770085603,0.809291992987098,0.752664255185521,1.46420665231399,0.611893668982014,0.63516500910344,2.37946655877291,1.2213085388559,0.6059389083847,0.845751201048184,0.768193862311447,1.13851772923063,1.07955347603156,0.624620105833308,1.01764984652864,1.00175229604849,1.31713858320724,1.19178690021669,0.43770933390453,0.387640109195567,1.0117453512503,0.490379832553674,1.73273276153358,0.73414961793343,1.08772248694399,1.38944286015938,0.881019509485225,1.28234300968976,1.2251360572596,1.15485578521828,0.806195124552887,1.54274096495509,0.905448731368692,0.7174896861935
1.68907843289497,1.17518249200009,1.30083094996411,0.798566706401214,0.774633200496844,0.748833908683678,1.27652248547586,1.00265138304154,1.01953979571302,0.974952206597656,1.21955063558413,1.49339003535122,1.02550263942647,1.18032370319292,1.20192973089026,1.33584113424386,1.10381845966625,0.964700199591627,1.07342390177689,1.52811302403199,1.04938957154251,0.877223990750054,1.68790209021383,0.930571569735415,1.75373344722947,1.00938302655525,1.38776676171425,1.22342222782622,1.2196798232686,0.964860834014223,1.1114633810658,1.50946208463917,1.50120633595885,1.31567221232907,0.915668652827921,2.96050059296692,0.982948345256156,1.25776003931331,1.47111561644271,1.23712714320691,0.953103076662977,1.01074579341711,0.951214725421951,1.05931502900735,1.66914379344072,0.988441068821489,1.35841542692216,0.97561543551062,1.14711498094639,0.781455560319982,1.63014536336079,1.23599918666298,1.39711934563725,1.08957372858509,1.02137576097898,1.16600793122025,0,1.06159801714392,1.00489151989009,1.71261608695318,1.23493905190904,0.849698648709255,0.952462367697507,0.820750957646895,0.935378092397008,1.08972591139799,1.11949033229886,1.03524339719143,0.708450710657919,0.931953008389617,1.23124302863382,0.958666728906003,1.12373252865443,1.47253831870731,1.30660311346402,1.07666959291075,1.61214052267219,0.757479744646613,0.793975253220007,0.848874699976909,0.930319407163239,1.23348791513457,1.09378145283381,0.89868933867698,1.01188017037438,1.24758451784193,1.1786762786744,0.835236393786838,1.50205761194503,1.5104542128996,1.57485112600519,1.57289662191589,1.76421390668161,1.24423758281396,0.863193486737733,0.816071025562695,0.978257327899077,1.30697901231776,0.780476198176615,1.07465674303624,1.27400219980319,1.01743603633802,1.23853677928932,0.991509645436768,1.75155139789498,1.21405382860179,1.89942890652729,1.36068898830762,0.81301154641073,1.44736940720019,1.0509506451184,1.27522495974266,0.85226368453896,1.62995733036309,0.589207162581344,1.52433891821037,0.892763055034601,1.00426994815274,1.33091507149779,1.66539252708138,1.2332322217062,1.13614326281119,1.41761053097347,1.1730109428545,1.30641398883777,1.23494634453714,0.960026806576904,0.951397631591043,1.02450821850573,1.18715710970071,1.28137182376746,1.30071806495703,0.945867527951218,0.76003044896213,1.50886958345185,1.02508750493807,1.3006221958022,1.30895300586369,1.10119064014426,0.92721431292993,1.22839540741488,0.986752102530903,1.18861176952727,0.787305831559024,1.1006269100566,1.02187129269127,2.00248662390142,1.34261043875986,1.25999203341608,0.735326602038818,0.975720633549879,1.55446255302603,1.07680794705906,0.869004623403029,1.05721896582559,1.07684273446294,1.01233948276701,0.872157292353516,1.11833504797595,1.06900746303199,2.04060812900706,1.04023880558132,1.16331689010072,1.33901907634081,1.20494760475291,1.02666475842413,1.42807235326159,1.17693457425293,1.43232488885246,1.07731480431934,1.02933343474007,0.979506379906639,0.877141430647657,1.2294840553836,1.56466635039423,1.30853230096116,1.08488037653148,1.0459611411113,0.867057576332838,1.05887745995142,1.49644179532259,1.2193251694511,0.844270145776112,0.742983117259769,1.1991249376713,1.10354468792044,1.03065638603118,1.14505099283071
1.93247825058011,1.0933865503116,1.54663214441521,1.00450087642012,0.954209324655351,0.86188334683205,0.901600444541868,1.03527203563462,0.845593256571307,1.05400414254305,0.847542337803238,1.05663776325284,0.954434530382029,1.04587200268175,1.65366313296417,1.97036431019826,0.815741023515704,1.55479490457927,0.886793981449751,1.12838686854196,1.15056512172846,1.05796393316419,1.68322001431216,1.45219354651125,2.2644428888433,1.32196240998385,0.696208924714742,0.79450066492289,1.05599757718611,0.906888145107962,0.877162267169766,0.874658199428106,1.72047520047369,1.17908492484197,0.980896335800544,3.68507786106841,0.601295293840095,1.26231521865736,0.660066415071963,0.759809345183718,0.908476495888722,0.936448490460704,0.849162224665788,0.858090925874792,1.22061009620231,1.37404643869607,0.74054842048934,1.3079968376234,0.982824186204031,1.1017598147754,1.13278484655925,0.837846707328504,0.844832292039265,0.945134358863341,1.3970321686284,0.703852169477882,1.06159801714392,0,1.15550926351627,1.32100131223943,0.8840477784181,0.980582996934604,0.848766127178665,1.20260310557842,1.27881184201831,1.59777242464304,0.862641795286503,0.9546092444024,0.921488248781829,1.14682134297323,0.889835509276967,0.826478519912247,1.03734274455717,0.78906312364037,1.29114383048428,0.6715032766133,1.09848096827943,0.917179651414518,1.00158809237745,1.27351881741575,0.661736661165766,0.800649126048282,1.63240740493372,0.763806703064087,0.925703670507655,1.01100371787217,0.671476928857448,1.02984279368478,1.14337872370413,1.89151834407117,1.90695357996693,1.53268439326835,1.19921249350481,1.39712837859401,0.980834520869135,1.08493995034804,0.911701953338277,1.34691628996669,1.16556037513904,1.01894328684526,1.56633580675555,1.38336459445678,1.5700718592979,1.39808340351555,0.899738853944596,1.32824279187537,1.77649904260926,1.23837855771931,0.869493182785997,1.60137993277443,1.47441083728063,1.34620862970887,1.36540175348948,2.28693888328162,0.950871718201827,2.13970017736691,1.00201856240967,1.54569474995314,1.99836095321222,2.22943866881557,1.89373880613799,1.46868392590849,0.972395195048978,0.999128045954978,0.709495942038579,1.32421074228102,1.25696470376836,0.570223166118045,1.12546156791144,1.76134162252774,1.04268450997134,1.66711716705097,1.03830859454289,0.828662638197775,0.699229053331562,0.988585064993174,0.853769468224254,1.21845931298931,1.37894182691827,0.857195876703495,1.15146782364087,1.14977818992042,0.970852015587594,0.77209467922911,0.865112954519739,0.619604892084601,2.62312912340424,1.63157035664638,0.816323774515324,0.681231279544274,1.50304711253776,1.65077306820034,1.02249975019605,1.08617900397728,0.982250100006453,0.685549544558935,0.565963728213642,1.56982969746289,0.778322442363345,0.819675033496585,2.52660585082949,1.28364960539275,0.586821931947332,0.981866069019762,0.901594931996399,1.24207757171326,0.68748436525428,1.12514010486986,0.849110709929468,1.23406591164307,1.37464074661742,1.3476258486723,0.716477352448108,0.824387492251575,1.02603501042815,0.801950490873521,1.46471206060534,1.07952113706553,1.11304461283656,1.14578190813925,0.754525883904216,1.37988926195446,1.18769002614884,1.25615745156125,0.714713684296576,1.54054783500705,1.04479647038615,0.899922466295921
1.38013353000904,1.50428515353229,1.12073566482997,1.09484252259363,0.966223361473603,0.99200838022682,1.34059855581461,0.830166602652798,1.10400327938792,0.880834296043368,1.32251984756324,1.47503527475267,1.03359055952325,1.34566418944471,1.07791230048158,1.36889410770109,1.15438209984976,1.00481419201246,0.950112850574847,1.76265636871936,1.1471945480007,0.948826308566644,1.53434847786653,0.878368820638892,1.99049644956966,0.689142370661028,1.41486273807074,1.34424202486588,1.40418963575744,1.19823356309779,1.32553327669544,1.4920622148143,1.481892262975,1.21430910930128,0.801457118469703,2.90639480279301,1.14460206500477,1.52914073400875,1.36010106244436,1.19731774100884,0.807175891499925,1.33423266071045,1.04795144108798,0.875126845900982,1.8293603903304,1.12887830379847,1.39047017997604,0.900810939428344,1.1629538534559,0.8306179631703,1.57659898841601,1.30150115470091,1.47539179936527,0.881230994934898,0.940099326317492,1.03251737092664,1.00489151989009,1.15550926351627,0,1.95827207734814,1.15120259319488,1.00007708783822,0.822265497487853,0.800177814092133,1.00547889040385,1.00932849873552,1.29790836139651,1.00372831996276,0.660977281295787,1.0738133666285,1.33672366623443,1.14530162666423,1.02937180676306,1.45197742881055,1.35585285487452,1.17841026513235,1.50942087610308,1.02296674521239,1.04663004178567,0.766912628809468,1.08210232081964,1.09630882140542,1.135137884424,1.01175443822264,1.1018922000117,1.17268439730148,1.11300409130582,1.05449003111881,1.19797400900515,0.999676178337638,0.968454917017301,1.36152364438519,1.62911436863921,1.23667203333038,1.22161988543804,0.829231876816913,1.09992834238848,1.07038833735363,0.823294518275009,1.18379597176664,1.23304633041372,0.970481448106822,1.23377071051801,1.05257973135207,1.76177299607796,1.4828914600134,1.91749768480642,1.60936341236604,1.06020341168193,1.28844563112058,0.895604204680807,1.03975619977021,1.11375723649056,1.56092240462007,0.858481135904981,1.46047805311671,1.17029601689836,1.09909177381864,1.3492523111259,1.62749510607246,1.46397382828567,0.904923328176318,1.36293362870355,1.41501118652637,1.44468744903158,1.44109255262074,1.06263009132627,1.14842036782386,1.23072157744612,1.32261587759257,1.25360878895792,1.02489612585412,1.15033876520096,0.877477426875377,1.5619322624581,1.09298506019635,1.07146869276714,1.35761495972819,0.864542501388525,1.16924660437312,1.50091672293226,1.00664275011569,1.28454501227194,1.09474709209914,1.26328632316226,1.06235608446246,2.21232559699148,1.51707472459471,1.44195872531375,0.958590103184251,1.21804907019157,1.67420283023081,1.31181806176569,1.05705430619817,1.18634511746758,1.04140903152209,1.13698892581963,1.05503220405786,1.21560909007822,1.14705700042842,1.63813348501461,1.37333742397346,1.26118387005317,1.51830940132636,1.37256933449665,0.899738564525399,1.58172795290118,1.20397325985866,1.30023059379635,1.21021592054811,1.17598588337451,1.09735114818942,0.958119331903282,1.142593281396,1.71217538980469,1.3385843267139,1.51779911715146,0.984976854900665,1.05800618985233,1.56313924005679,1.48732234355356,1.22952363655834,0.922158789159196,1.00111050361829,1.1862183356847,1.35007875138657,0.753950762724152,1.30640215646648
2.75514298385602,1.58864434963117,2.15289588494196,1.60626905860059,1.27062244570438,1.63524378630181,1.51642030278755,1.95379514282566,1.83894613241362,1.72750219889384,1.46630784088499,1.70632310757431,1.9161423199066,1.55945130241265,2.38530600608297,2.60889226703393,1.66989849274635,2.21958770589612,1.58115945371029,1.47828976784122,1.60745040681943,1.84943234347502,2.31629484932632,1.95954219402729,2.18784144149574,2.11824737319418,1.33176651377439,1.59487931499151,1.30391719306688,1.69714170052108,1.40264460520799,1.52307024742761,2.33323266266606,1.61039168795647,1.97837232500257,4.2075678348865,1.50834708083948,1.71588641292325,1.67391244619576,1.25449409729668,1.84847921225362,1.43369335866465,1.4664234333724,1.85493095565364,1.08120792340465,1.9815261866254,1.56435958674582,1.9914453037517,1.75233252962118,1.63913453649484,1.28784421148331,1.58679470179821,1.24004357158064,1.87914287402177,1.92727431780894,1.61232257774753,1.71261608695318,1.32100131223943,1.95827207734814,0,1.55777654603711,1.73454337393142,1.78803316472323,1.83223724581362,2.03813690887116,2.10952640534037,1.6796778266517,1.87064621613564,1.62953388114855,1.84519096856385,1.35717866666013,1.49400506761965,1.91476291164797,0.965328182151101,2.04737296146049,1.09310667058963,1.6677149845334,1.67521215559821,1.71318334449413,1.95047486891849,1.62404279109881,1.67165623311383,2.25038628253271,1.67866161773298,1.50333097112704,2.02036607399996,1.26156944750139,1.5977604094915,2.09554497209942,2.69611144679953,2.71478197685425,2.35582023120834,1.88796710257426,1.82466952107503,1.82450809754621,1.88907829176515,1.71376046846482,1.79360106986645,1.79601889794757,1.92335602357369,2.35885215191367,1.82073706864209,2.22322777753901,1.98377097170761,1.4203845091453,1.84395951892674,1.31574612831289,1.50846424348369,1.67968852340466,2.36935606977495,2.18357826877826,2.19824432621668,1.90905543677894,2.81253559850931,1.57338946506512,2.76290897290911,1.53513603073721,2.3581201754989,2.6477555049588,2.7027003465767,2.50389064196524,1.74550776604162,1.73996934679825,1.0718766981282,1.18705382675109,1.01096585529899,2.05221393207785,1.50899026384649,2.0026256028761,2.3916457440634,1.794799884177,2.37294753463145,1.60768748346923,1.50564067114256,1.5537183527675,1.73910318625668,1.86372310305552,1.91669954091426,2.15880147093935,1.29971510539386,1.64640808935749,1.97094354848113,1.67104196912951,1.25027263932463,1.39514398221307,1.26562192223908,2.93505232206892,2.1376026582704,1.32481381306122,1.46314108975651,2.00876880522211,2.08333795891126,1.54764045220799,1.61747701366603,1.65401940280439,1.37207345102357,1.32918107641552,2.27049597310269,1.40647969198869,1.28243771173536,3.13439598879297,1.67569805521066,1.34754771850519,1.28522155203733,1.36158805749371,1.94175709669114,1.09069994703809,1.95184877281516,1.73135923430467,1.85408264141964,2.01063183306221,1.97962262705244,1.51248449359724,1.77136946891901,1.11013002526658,1.752532779064,2.21352113426107,1.81498840652134,1.82112436529634,1.5868300768707,1.29808702952905,2.14595988315185,1.9593143130953,1.72992806193531,1.5556065250431,2.13911005871216,1.91898801606014,1.232899552334
1.84774860858882,1.18451546099441,1.7967382467499,1.06276657548518,1.04341560280813,1.16109122774721,0.766638470879204,1.20357638062952,0.869870176818395,0.900108656507753,0.811863282569613,0.653736662370367,0.90600891338738,1.12376300573823,1.91668820687749,2.0468707614628,0.667041313599479,1.65297558638793,0.984803313391141,1.53979853895643,1.19895739352406,0.904324773048545,1.37437979679102,1.62603771956827,2.52484949644774,1.07699458687245,0.62420355871945,0.802241136126001,1.21849854123965,0.979825895782168,1.35435350982563,0.933991590358915,1.89039895428423,0.480581769200466,1.08548745779395,3.65372490439202,0.932648235757202,1.37261671414274,1.08086122066034,0.71564666184165,0.820521651831102,0.839145772893787,0.809473201634546,0.934502501172923,1.08137294787205,1.53974113398863,0.628206258905505,1.46094481484913,1.06638822497285,0.986321255888678,0.95921765996558,0.896268894872727,0.733061871222866,0.978045250818545,1.29980639261055,0.605388465675147,1.23493905190904,0.8840477784181,1.15120259319488,1.55777654603711,0,1.13389958196137,0.929674127310867,1.27855070029141,1.46432772394815,1.64019144052306,1.24442028998331,1.16382541533831,1.12714693293866,1.29356166301746,0.704309128926296,0.685423299473825,1.42483540764709,0.781376513378302,1.6292746701608,0.888201539358116,1.24152953796292,0.833820069568604,0.913421473127934,1.1642515796058,0.938159563590151,0.922240328144037,1.5128532440715,0.83887711441338,0.670462006292853,1.36800949334714,1.05696053147529,0.939882381903079,0.963070664229049,1.69654068381487,1.80082431353419,1.94021374045748,1.28578954517724,1.61399820618181,1.09709732184347,1.34441194675352,0.740830302621132,1.22706685769227,1.04564841759559,1.23171483791135,1.64747442020349,1.55360352072358,1.65356296820253,1.39922237105417,1.19459938601437,1.35762287963113,2.06332285472142,1.15088727203774,0.990118033624332,1.83118016137223,1.58705592553922,1.44991077543401,1.45359798412648,2.28638834812488,0.922027515309922,2.16462558431574,1.14513471363479,1.56209711491865,2.03072246578317,1.946016309069,1.80451172424957,1.2984872160636,0.743550017796376,0.940764244558025,0.915189550113147,1.4704274627151,1.3936702059732,1.08960163889311,1.42002210092178,1.90948775754902,0.870492766372448,1.60434456908058,1.23696966323644,0.880800645570459,1.25807401241322,0.983245566270726,1.0656421148978,1.48111231634279,1.54107770761483,1.05608774607461,1.23750769776638,1.38772420376669,0.725583550734805,1.10523444045851,0.7856410253628,0.775947418404204,2.82956924300341,1.72437440449222,0.682013839932064,0.738758800175539,1.44311981191655,1.82548453044612,1.04676649168731,0.952798005030092,0.693343790239587,0.93891969247222,0.820851544007779,1.57620775876714,0.768222137495768,0.72592308096508,2.44863741833817,1.32903964003844,0.924718400505091,0.881347000113606,0.928942811436706,1.16690883485119,1.05332177220124,0.895776050673033,1.13427690375751,1.29076923208286,1.46089799055758,1.3732155441203,0.751583177965518,0.627750190972566,0.950073133417674,0.893779673365794,1.90211765272391,1.01342720988575,1.27374129868441,1.37631807507099,0.840152393841481,1.52630008992506,1.26304159598562,1.18993633083877,0.955392676591164,1.71930398607725,1.11328743424319,0.896810384496804
1.80073259638059,1.07655849877129,1.18744332460878,0.704097406168154,0.953450219390113,0.686749301563851,0.959495682594264,0.722583065533851,0.935639901530496,0.817594123434701,0.944068440900409,1.5168520423007,0.785546111148732,0.736497929337015,1.33288103336926,1.53353615334118,0.918672673924052,1.09805111292027,0.755548354707349,1.37848155656011,0.877785166937844,0.813576872835101,1.82041420578653,1.08080006125758,1.93981101384612,1.01552112317758,1.21109283274046,0.947353584532697,1.00587204156128,0.829037928061475,0.891137632622872,1.1404570095698,1.85748570825195,1.34223775645927,0.667960670096863,3.20756272877739,0.814408593008154,0.8783268099967,1.24845919383386,1.07760441282992,0.760924558613695,1.0695408742868,0.835466772974101,0.708427151928619,1.52983612284398,0.666483365298336,1.13418138252325,0.78062909401368,0.738402202712615,0.76780557310122,1.53614740874098,0.999611459345285,1.24981824471303,0.794968951939221,0.852156495973388,0.967408281453808,0.849698648709255,0.980582996934604,1.00007708783822,1.73454337393142,1.13389958196137,0,0.710725930286701,0.940175789481985,0.637398926372714,1.16154659880457,0.6159919086931,0.546190620304877,0.731464056201466,0.553108645725731,1.20664020624803,0.754231737349528,0.811141555646075,1.30405530454953,1.19749023374891,0.833464061433398,1.28334574032332,0.774829037346361,0.937836239088737,0.935370564506694,0.639614824764427,1.07607921812694,1.07703301154228,0.625319921505092,0.896865613104444,0.711054821704522,1.0461038467207,0.775374906676197,1.35884630973396,1.67683933904362,1.6299251930925,1.28659821463145,1.6121773500056,0.950924981742784,0.669882618249736,0.656293270895847,0.774754840334814,1.23810296928789,0.930214377413633,0.515932576672837,0.861644265911022,0.961017580378777,0.830857797252785,0.846862872223986,1.59216751060174,1.01704242122756,1.90015873334756,1.23440581146093,0.670815749866274,1.00339531615228,0.871098282939441,0.987644254296712,0.941906049913337,1.67296212973505,0.783969703899425,1.63245484594859,0.603438910881909,1.21258022060388,1.61256422550332,1.71229318770535,1.41560094518852,1.38653272804922,1.15797116414396,1.08807337457141,1.10657359977999,1.3388136712002,0.776879161278553,0.673337004902876,0.796394741646111,1.20386103272167,1.1780094954166,1.15693274482277,0.688996993183818,0.819678585163057,1.38684958127933,0.795568918659195,1.09487931680673,0.701892824030931,0.883298165828025,0.702390352020398,0.878191757073028,0.882881672654967,1.08620645970687,0.727984652101514,0.823900622814324,0.784386535432085,2.1931298177832,1.20045619182044,1.14190029583718,0.633404315922699,1.06356654183193,1.58731195209885,0.775564663156806,0.580620657790814,0.907059023989331,0.807379335373495,0.783708475058063,1.09510327885244,0.834209314515889,1.00784134438199,1.98722449590803,0.770391522082467,0.906211225366319,1.17504819250146,0.847275911152624,0.754309710594735,1.29721794152597,1.02223779682375,1.33306377838936,0.758636314290293,0.822919553388652,0.714515323833208,0.793094583851764,1.03163063316051,1.38152564879393,1.0595159354539,1.23207599717066,0.925936435906852,0.522013832760261,1.29678854750751,1.18622791859738,0.784940361068749,0.902508540086304,0.785814978082568,0.810941660613548,0.847474191744558,0.680335064280559,0.894696908269314
1.44798818276459,1.26570797991299,1.15144125609478,0.694530605507841,1.02516524498544,0.758937980323502,0.874921337145404,0.686153993382615,0.70695258419862,0.794889240183893,1.00496486565517,1.19284674519873,0.678899187225876,0.9689206103407,1.29352616336618,1.37002720247995,0.753612683175575,1.02758780721813,0.759461819474407,1.53777045616197,1.13189430653004,0.577132318190992,1.52284347555324,1.22753082493954,2.12914989253076,0.690031819156167,1.0913617309086,0.871376180231137,1.21280145121716,0.956034631384096,0.970611848826978,0.997058950471522,1.57395696657756,1.13154858527846,0.476101322380133,3.10418923809711,0.939747103062575,1.20347522248854,1.00197615413942,0.930098264952604,0.474880791865823,1.14262761718542,0.855585205056808,0.448556919902806,1.52312313042836,1.05134018307325,0.909652879281837,0.986240482671512,0.839144927845639,0.876488927826007,1.28388435733022,0.91558802910524,1.01495148235641,0.443946670332299,1.00242311952071,0.691927500478413,0.952462367697507,0.848766127178665,0.822265497487853,1.78803316472323,0.929674127310867,0.710725930286701,0,0.851976264583474,0.843521396537017,1.11244737613602,0.937378008115107,0.732377103760301,0.782596354567531,0.857222266229184,1.19715360235608,0.814717560895952,0.728307951074661,1.14737767360774,0.969766902474227,0.866115115184705,1.28451248173969,0.695034330106591,0.938223702476759,1.08438176084548,0.707508989451902,0.693177392445853,1.22911773502778,0.809202865239739,0.90846193562389,0.77827855236986,0.841585130074691,0.777895827231074,0.889309480508356,1.3928076207788,1.37891195076597,1.38947739612366,1.23697112172089,1.11631961581365,0.808092857091931,0.7803947393484,0.824643127433522,0.945082666966206,1.0087057891704,0.774848326021932,1.07285955489078,1.08419193540758,1.20515491916278,1.09611611886325,1.33733490292481,1.31628081834073,1.95220415805332,1.44761668657655,0.603124727173415,1.24916344082647,1.00188637101955,0.911349534392899,0.986432728895788,1.77974579160204,0.687399347387983,1.49520226693715,0.927329811226379,1.0919399167208,1.63161268096182,1.8238014815003,1.42171531313084,1.28300316696183,0.795773610912011,1.190543070561,1.1231285322317,1.38321547985402,0.989994746229901,0.713184777674596,1.05524315301693,1.21569506295051,0.887024976415612,1.14626521063867,1.00859559192129,0.861051821587004,1.28559625401674,0.816278819125107,0.733149179812373,1.02772990042344,0.832162652398779,0.82408178843042,1.19372811529359,0.670135193034448,1.02769585949159,0.927215606925642,0.77966006795207,0.755747740937226,2.38028842607594,1.4582287823689,1.15275485092662,0.602908889574445,1.15040825075638,1.44089170863616,0.95723705585545,0.837665952197278,0.894004504824853,0.673896875356606,0.830310588408826,1.00424127422234,0.802461401091635,0.81620925639872,2.01185068387702,1.15494892736998,0.796718253572233,1.19870670715511,0.864851681101734,1.01387635035674,1.21426889022603,0.742080427085998,0.925188800713275,1.00696066749485,0.96125109777643,0.995185548874549,0.713829343233804,0.718886573007438,1.360819317576,0.940115185169446,1.28710459992679,0.689748331381833,0.947317204887267,1.39128206947882,1.08953051268919,1.13468100006481,1.06846430218783,1.00476399880537,0.751568801724792,1.27218776335571,0.478895819355758,0.878045748098508
1.57872679312133,1.26294044849904,1.20942463446897,0.819858622509086,1.0173932824903,0.89061270472641,1.16493696366984,0.83258180755982,1.11951639026764,0.764140139792846,1.23866236500834,1.59923096523504,1.12939011674637,1.06951736152916,1.22738536005751,1.21817433586851,1.1722464363724,0.901489201508432,0.854945727439751,1.60473757544181,0.911545520373046,0.84282458600192,1.64675269879175,0.815261144625811,1.79033962838948,0.799966880969255,1.46401798063571,1.34442387044424,1.15780740149757,1.15260797496063,1.04364051831532,1.45275403350682,1.43457822319565,1.36660008813923,0.93869504687952,2.96139543415573,1.13275230220999,1.19167475278966,1.52922369951041,1.30050028200279,0.807801095991175,1.12473687334329,0.980430797315687,1.04827924072826,1.67141548488492,0.845961751459223,1.45988818922668,0.685309688841132,1.12040578376706,0.702663115906012,1.56295073750303,1.19329544296506,1.41225476702402,0.87616461077148,0.776053461414742,1.11410979516338,0.820750957646895,1.20260310557842,0.800177814092133,1.83223724581362,1.27855070029141,0.940175789481985,0.851976264583474,0,0.887468337714567,0.815708852427,1.19149976265686,0.960083301254261,0.701418207211922,0.830260979723321,1.36647147307448,1.09237587251934,1.1232729697464,1.45368813821703,1.40709135937317,1.0481732108571,1.57199536790802,0.782433068226108,0.937404402163454,0.884465458312697,1.0670940429269,1.25912326562641,1.12944030459703,1.07522783910642,1.01660183499292,1.23208384235093,1.03681631930957,0.889536537217693,1.40352967445414,1.3041771764956,1.24542403840961,1.59896719293743,1.84979701615082,1.00783745849148,1.05361847348808,0.761774867234754,1.10415708998127,0.93759869996699,0.82434364025119,1.08350042887073,1.17297819145236,0.803305270590417,1.11248593689356,0.918564901604691,1.86729071371002,1.29861475962611,1.88415355582897,1.48293410271859,0.872326921388947,1.40268570306844,0.858870290919917,1.12025033369469,0.800003028325522,1.47022423239233,0.576397785331048,1.33242520859241,0.91846321818975,1.14581042308578,1.05261660588417,1.57272848772363,1.30949876397022,0.858041910439495,1.36044610219859,1.23044766760991,1.34459132818356,1.23092105070323,1.03547263668419,1.12431007673451,1.10024539649567,0.985540690782585,1.30404968344379,1.02516039681729,0.981189434950104,0.885605069358553,1.74587540207059,0.944059106944511,1.34096247180658,1.24043265071849,0.847509668101225,0.919877607550392,1.255468502099,0.929387895346345,1.26663064438412,1.00334686367739,1.06131621832841,0.972657407102395,1.93624999507517,1.16870324509017,1.42099621906939,0.811366591807169,1.2039480887468,1.33741127331969,1.04503686954325,0.832648114104655,1.14720759422341,1.03747238410854,1.05677333100531,0.797038035393857,1.0406784711299,1.1450603710501,1.63069814490408,1.03961473564356,1.28761035203642,1.34853674141916,1.13363711968799,0.935559451107619,1.48559582619283,1.13350168511371,1.44456390620616,0.942848644854375,0.859883529894768,0.709675900616202,0.917930231359309,1.29393383927116,1.58914867007656,1.44039833566651,1.23251429393368,0.835901925551289,0.967307542986394,1.15313821060381,1.51671643880053,1.11492554923113,0.942587823549893,0.774973406743577,1.11884439763713,1.08733623227379,0.765283903296288,1.07279205508506
1.62167044106198,1.42333524204424,0.942018987929048,0.907031424972644,1.2394009357003,0.898438026372344,1.3034196838622,0.835807533893622,1.16984221541812,1.00284993611942,1.38664505780777,1.7804083654913,1.05440290951882,1.11306089680403,1.02991265110873,1.22478106545815,1.25823594872999,0.899464139967065,0.988530497399799,1.70699892507515,1.20335882217182,0.964154320958519,1.83442357362176,0.898560935089356,1.83885447318244,0.993185563486646,1.61691249402037,1.37768353533247,1.36427685927939,1.21259122696602,1.0887172557349,1.50585373898785,1.67616038133983,1.61342665328977,0.744960760708938,2.85239262665073,1.22159577535465,1.21566287793154,1.51303758008965,1.44047018375958,0.982865987451993,1.3909661193095,1.23523303923978,0.888789511573496,1.90635342346329,0.687704054379023,1.50940905348858,0.565366898068278,1.15259632278636,1.04706415291922,1.77723089544283,1.30518918718062,1.5838008830476,0.857369759629887,0.84368261035637,1.29321199348196,0.935378092397008,1.27881184201831,1.00547889040385,2.03813690887116,1.46432772394815,0.637398926372714,0.843521396537017,0.887468337714567,0,0.897067235427779,0.965435796660117,0.752133537942751,0.853611108867276,0.779540804624923,1.6064212678027,1.20560000771404,0.760473620451604,1.65867016838277,1.14182385247084,1.1804889203486,1.5989564764092,1.0360273950619,1.16252911847231,1.13348090773756,1.0616284000001,1.27747559631103,1.13279643725783,1.07210332810755,1.29117076309643,0.767324586146861,1.22113561509211,1.03823416754139,1.51168755374727,1.50701717122,1.39106997309269,1.13052753513429,1.79168654113002,0.755691759796115,0.992736589124661,0.476903349215815,1.20895367463215,1.233840506378,1.16854237086125,0.792849344869561,0.664026059909375,0.922606962810507,0.731874211476275,1.00638668515092,1.87057102263436,1.3841999628823,2.02829655842838,1.67927908891092,0.948701215595498,0.719616044254211,0.671488351070089,1.01272166730457,0.944604040482352,1.39793024916226,0.955262059115736,1.23241726600677,0.954003498542285,1.14878886786671,1.34040846184127,1.71516129533002,1.26454330786304,1.39641989091659,1.42037957253005,1.51347391085255,1.5049761732523,1.54486016721435,1.00706533363657,0.988345840142824,0.932461567144282,0.858234174877699,1.4000250533447,0.931990659954485,0.995384247711382,1.16656829359324,1.69594879381172,1.10507899208937,1.27685456889486,0.951136659803183,0.512492622821539,1.06251742856931,1.27527830602259,0.831513422922672,1.45878744950785,1.0022476970675,1.20844151993276,1.17214832085952,1.84967938587556,1.20171191705912,1.58669788215063,0.950807213190285,1.23890520230677,1.43932237008075,1.15702850377388,0.9296130295857,1.3040584650043,1.12392019658265,1.15965142634635,0.935625646357129,1.21357110283582,1.32025347751145,1.60411707231536,1.14473069742754,1.28936816845659,1.58447430001961,1.22525258244424,0.86151059802713,1.60324267801489,1.24358231405333,1.47192961872815,0.970880200929573,0.79200142606526,0.761245103174707,1.14632171916513,1.35674863113631,1.77961545337722,1.42194422701613,0.934921409135913,1.08736092653387,0.750763062503494,1.41186093412396,1.59025222157361,0.801358315666391,1.01359888777657,0.89436018239441,1.1660405684232,0.784383455290408,0.66640428018222,1.23689566319785
1.71195032020542,1.68523977659592,1.01602726852249,1.20242159936184,1.33702491948029,1.33417741115539,1.61370251017936,1.0554050796215,1.54981979125472,1.10539179458727,1.67278589108464,1.97320425779398,1.50832895623923,1.36105970073593,0.982590098462414,1.04670160441801,1.63951553067842,0.85630757392803,1.22540898876414,1.88619867953407,1.31766297674916,1.19740121537715,1.8065671501348,0.826713866949143,1.62475059189073,1.03215178623519,1.85448000069217,1.76352928509084,1.52036756901707,1.5903167312509,1.38436506403227,1.83658305789684,1.49784577678326,1.66379284207588,1.16106198667474,2.57045791726572,1.54271349448044,1.54479966615305,1.85548971795636,1.60212088110242,1.26841866076657,1.55081901374729,1.42090493676372,1.31068286045385,1.99631574367199,1.00409649720415,1.85275262290691,0.858691109787078,1.44363046190586,1.07216692374095,1.94255842247845,1.59560915909287,1.78111732528041,1.22882027512558,0.879842406669225,1.56808080651328,1.08972591139799,1.59777242464304,1.00932849873552,2.10952640534037,1.64019144052306,1.16154659880457,1.11244737613602,0.815708852427,0.897067235427779,0,1.53290235553963,1.31104974203919,1.01985047332319,1.15616769898631,1.74027986890454,1.50282976128373,1.10926160603663,1.81488140089281,1.50959160795256,1.44553464678545,1.86106621062764,1.27945406240117,1.35342687892955,1.16302992446949,1.48046454504813,1.61434623005261,1.09989001455497,1.40098927262868,1.43643233069875,1.44348489187762,1.42983716876835,1.2338947368966,1.78389525656949,1.46731550846152,1.32044627737238,1.59167186862584,2.07710381343328,1.05725693612756,1.45500132408189,0.915182149883425,1.53913827032355,1.16063910042022,1.18275890685588,1.41588143437606,1.26770965578596,0.95922312458773,1.15185210331126,1.16717278005589,2.17690967788209,1.65019610118291,1.93366655164309,1.84196555383167,1.21866396091927,1.33886341363024,0.77977601333929,1.25477553669958,0.806557158986099,1.09447948880211,1.01937438137427,0.952456415847862,1.32272188836969,1.24932609367723,1.24376617300563,1.53031162766026,1.49513419650174,1.04016031093171,1.72815378670637,1.62931619003137,1.73204710804647,1.40381552923757,1.30433440959864,1.49755258250362,1.49705527579432,0.832125744129248,1.71830739052684,1.15169704684875,1.35806193987395,1.3310690982119,2.02445441290783,1.41948032068897,1.65202392693538,1.43760322077678,0.815343252299799,1.26537604310934,1.62304753855281,1.20725347395953,1.74455923214466,1.35517411240937,1.48438000476674,1.39010805592368,1.69123613347886,1.50803923221766,1.81024676437046,1.28552071099031,1.19408822448456,1.54090661549392,1.4511445898337,1.13627826080449,1.55651414001453,1.36515300495539,1.41360642603034,0.864165050963141,1.51015833497004,1.52707033851457,1.46294419266986,1.34270109649143,1.67597825062991,1.74675756704879,1.54115946013781,1.13342005687056,1.82142460413528,1.57136940363215,1.69636267165805,1.31692161457731,1.0694431923148,1.04707718804783,1.34265012609884,1.6910898682139,1.94487637344276,1.85385206443574,1.26443580373992,1.29319107328885,1.23150350736411,1.50880986997033,1.85430901206127,1.35297253130244,1.28947318286597,0.935689172598921,1.50799784494061,1.1776568530337,1.04862312069734,1.472968946894
2.09446004887085,0.827138429825562,1.51536483142761,0.889988787293989,1.17392174139934,0.789767044670636,0.866373818169983,1.03999037380199,0.933513292990446,0.986119725042721,0.795141645092993,1.5520410919765,0.826735993883517,0.844471561870445,1.63986563074653,1.89360223264509,0.925477759598259,1.42150590363441,0.97669531558695,1.26086565076175,0.883061916771783,1.04937632003308,2.12859036526798,1.42746125065464,2.1698267561268,1.36388974380501,1.10628155819692,0.845628285671647,0.858128707913047,0.717824039995929,0.990982956415131,1.04699721052979,2.12958363618123,1.54709913510841,0.986219895293604,3.67808228455612,0.69248135205885,0.697352686311357,1.20225017194682,1.19963445984816,0.928630790814975,1.00737577620819,0.832952474170479,0.95290690160174,1.4305792096554,0.913874732556014,1.04656538442046,1.00799639195731,1.00762082272637,1.03775717702595,1.60711803768828,0.987966727382632,1.21324246744735,0.978827253552315,1.30326496158647,0.930402093657759,1.11949033229886,0.862641795286503,1.29790836139651,1.6796778266517,1.24442028998331,0.6159919086931,0.937378008115107,1.19149976265686,0.965435796660117,1.53290235553963,0,0.455969067162359,0.912083722868428,0.694483583450221,1.12890993191285,0.785171331543997,1.06446085164211,1.26774931695388,1.40212736989521,0.77258652422707,1.29224406063566,0.900734073214405,1.17560164726566,1.23856904111944,0.5508852573382,1.18725066488481,1.56932060733132,0.816901563837494,0.956376172041221,0.701956479780063,1.1291143934834,0.969742366072131,1.43723400200714,2.00590536873841,1.96262270203374,1.43746142086651,1.72657308374308,1.1381692888127,0.675748439008966,0.981167415210835,0.83234235069088,1.59145472050377,1.18362611667269,0.404050311070567,1.06459164551099,1.27495238976535,1.02127387850646,1.04119330222694,1.5270323289384,0.873772162127732,2.01108884466982,1.10914059500326,0.885035347358936,1.20548511143216,1.2615518809022,1.32412666730479,1.27265423245383,2.11019234356956,1.02807840712343,2.00870015058231,0.645174550286692,1.62576952029123,1.87822770674445,2.22063645265551,1.78857486790589,1.69892680264998,1.19225248028074,1.06500558883469,0.895758384868841,1.52179628412006,1.06877399162586,0.591562157744397,0.697888610956842,1.51844637364596,1.22957326407427,1.54356731825431,0.588723033755075,0.884387171894953,1.27867580111631,0.733356596021178,1.21039701072595,0.818535870014366,1.2122006507174,0.900746375730731,0.646845728387703,1.13468087098857,1.03957854122572,0.804790272492489,0.866190134727269,0.762895961342498,2.53654566544677,1.27501467052345,1.06019109695878,0.776233378854167,1.54204334849359,1.83206719849999,0.67153315349494,0.883017840758862,0.953892100271106,0.968804114631413,0.746269159064301,1.49545192224447,0.857172788027684,1.1317392357009,2.37126081512676,0.924386398243491,0.825782823585738,1.0377118109161,0.872621996981211,0.949069868130502,1.19820985713563,1.11760415147649,1.408974615215,0.702076798459517,1.14169932430412,0.911259786706831,0.813746440851557,1.09117069281217,1.23571335549705,0.860599714194981,1.41680480551528,1.05739116541916,0.605330096273308,1.26096538960835,1.12284112466014,0.774955949566048,1.13813771302291,1.03690621673532,0.835293273048707,0.984347043097047,0.969810920840519,0.884221308514752
1.75480079499745,0.931448810144305,1.36343457043813,0.781234424132888,1.14487445808052,0.719968015418583,0.848988703247919,0.840433599863505,0.811853227423211,0.783334762527176,0.899047923429769,1.49342628025597,0.612958974951147,0.897055722622983,1.42625013723663,1.64557228849058,0.825707516056238,1.17010914306732,0.891724419126674,1.50076519954118,0.828567756553141,0.821520233766303,1.93904658298877,1.26516344996146,2.16118083731918,1.0577959618013,1.20636203058347,0.906521768248761,0.965556630815341,0.70435786612218,1.09262550775025,1.15825484640781,1.95928042712249,1.4287393756033,0.728149483274595,3.41084239128742,0.751583273049079,0.793344325231017,1.27455550155058,1.24980695760022,0.710734435502103,1.03632991273606,0.776793765108633,0.778326579620768,1.56017220289495,0.76852415820028,1.06798836074978,0.795184746091449,0.987288262532133,0.905734218435027,1.59877889540993,1.04392242250206,1.26374926016555,0.740183974043532,1.13142849337161,0.826397599543876,1.03524339719143,0.9546092444024,1.00372831996276,1.87064621613564,1.16382541533831,0.546190620304877,0.732377103760301,0.960083301254261,0.752133537942751,1.31104974203919,0.455969067162359,0,0.737465464507221,0.519155467374094,1.17009367844129,0.770544100004588,0.988434769873559,1.36248585583807,1.34629970071248,0.858654638002635,1.41778233603499,0.748439435207228,1.03071045404777,1.01653754792929,0.583822007387436,1.09485911381828,1.37112320063391,0.810331201818094,0.875844595116114,0.637047777934321,1.11405649231445,0.853950244684066,1.24054399885899,1.6337663377141,1.57558683789328,1.39211175586755,1.71047555718324,1.05073637392767,0.64714345979248,0.831919643043171,0.724642103341679,1.39886674784718,1.02470448720557,0.345039555942514,0.818816084670847,1.16589180988746,0.806184747400241,0.822435525552487,1.64740123764014,0.89220795880287,2.11647151245362,1.21848591013395,0.834873685401928,1.04353432058727,1.03315654560304,1.18473643409026,1.10402192665519,1.86671187779676,0.864328307709446,1.71875414545346,0.642256755334712,1.38042112075359,1.57150944115444,1.96727890256661,1.52936836357091,1.50218601430819,1.10901255495408,1.15074798209289,1.05451344533606,1.55931528856462,0.935455684600916,0.6792507912842,0.580585339199528,1.30941433039149,1.08533106562334,1.22122260012752,0.578115321813838,0.801063765142359,1.428217096971,0.583019892052519,1.11200984042756,0.897344642113014,0.926449686805499,0.957746653083549,0.791812881589157,0.977687939473217,0.957530912561545,0.852314742814035,0.875028008947756,0.795363168784964,2.43258502920376,1.10514658458994,1.14660830933448,0.706766519622069,1.42468124867798,1.7094328026478,0.709851886392555,0.766092886835593,0.856680049757884,0.994992202520698,0.821800109096301,1.23893484798828,0.830700377251594,1.09805260975851,2.00964553981355,0.92988127192206,0.921807366726369,1.13188560567988,0.919252946644858,0.737063622512343,1.36198677130415,0.936417801564854,1.38993360835943,0.566561997913768,0.961240813327731,0.681445116716312,0.730943629878195,0.99005222030995,1.3783261795792,0.873508249293415,1.36474751405964,0.83975077331202,0.554120785779912,1.33991254778382,1.26695317841476,0.534422468248126,0.945229381721529,0.886266794140173,0.90834604208005,0.919426281327718,0.675805264866827,0.932355527243753
1.57311348173636,1.08395565502229,1.1284120982783,0.723409514887968,0.7219054914152,0.603591508279817,1.07149785408724,0.903109435625251,0.875079626326837,0.857276732271036,1.03382565596707,1.40526147443574,0.838353491395901,1.12000585162119,1.13983712548386,1.44568118227846,0.994414381804517,0.925165016744519,0.919825047314816,1.47770762307495,0.810635198615032,0.817435004512228,1.70238404453794,0.814402537093451,1.70495225062852,0.907175328553369,1.24214122606492,1.08252603775485,1.01591307146497,0.797977922086304,1.07109234036853,1.31220890374647,1.55593512735345,1.24734661427205,0.835161397762855,3.17356193009648,0.864727320781691,1.1155207030428,1.33501194587032,1.09613192543858,0.795089291485339,0.996578259764472,0.759292692653541,0.926829575239365,1.56435537514597,0.858307208593668,1.21617908089211,0.732265954022153,1.10597391518869,0.663180040512109,1.47163903634323,1.09534531102391,1.24633021940462,0.820248354877942,0.959182276319603,0.913073062738409,0.708450710657919,0.921488248781829,0.660977281295787,1.62953388114855,1.12714693293866,0.731464056201466,0.782596354567531,0.701418207211922,0.853611108867276,1.01985047332319,0.912083722868428,0.737465464507221,0,0.780338118148522,1.1072095568511,0.845742298585961,0.978288063010755,1.28292592045918,1.31359103165625,0.81107383746247,1.43959493469915,0.736204579636363,0.917841197506434,0.824992201903302,0.798509075951392,1.03840326929368,1.25111238515305,0.881311525984065,0.856595802871976,1.01206194244193,0.971620295358091,0.793853440700191,1.28954359370863,1.38351438803874,1.36469851292032,1.36037288058576,1.67650405413906,0.941052430414592,0.944702254992665,0.701122207492553,0.874029693249114,1.16540056760641,0.784211807190578,0.896347505916366,1.06427893743959,0.838503520176405,0.987923586928516,0.776415444893434,1.65382841479176,1.09755526009162,1.70835456768185,1.27954954219437,0.892198023374064,1.17869290779127,0.990333500521357,1.22005919141602,0.932695264888405,1.68113637163,0.548455711918147,1.53598064258249,0.794342497620495,1.16026691961292,1.38953716472781,1.80282975159218,1.47758409889202,1.00237941979838,1.2567668443584,1.04210152650103,1.16624377795586,1.11340302188791,0.986070848125668,0.817387575357522,0.962887283315055,1.28674818507729,1.09734746647516,1.1619543030902,0.662345576640995,0.600549866464233,1.47772484926976,0.760776286030038,1.1291912989207,1.14249394362528,0.921286998795213,0.925136321427888,1.09926123203425,0.974501533408289,1.08388259015457,0.635398687952195,0.977734780417585,0.823918552958036,2.18556550567545,1.29823414265368,1.20212241270657,0.688928713506911,1.16850198572752,1.60943907571133,0.92812653706579,0.792777578176301,0.933291825979412,0.899044683119111,0.888118335745794,1.0309658393799,0.9829635956344,0.907100343242642,1.88681342847793,1.04942839616783,0.999004950905787,1.20502205752463,1.06886393153149,0.777177433014196,1.35611536000152,1.05826525887856,1.28531447292556,0.833556871540509,1.08709728249434,0.840880966014179,0.67412390962396,1.09468011456221,1.44225461898753,1.12743917457215,1.31855921244455,0.822070554330434,0.689810333107117,1.23139819586772,1.34638687486007,0.979150429176659,0.853673190418532,0.647522095881092,1.06715389197283,1.01745692437718,0.744247181998113,0.945066511695722
1.85492628632477,0.889931121836171,1.41398978270461,0.744643149365747,1.1092575089815,0.879839644279863,0.964083071873236,0.825690576379551,1.0746055852529,0.692057848743319,0.987458823974122,1.70882735619103,0.882705547745362,0.755740354164156,1.37855922120022,1.53039655585173,1.04593739201979,1.05496297129956,0.866701810100366,1.42737948960184,0.652546941528955,0.829925070190372,2.01783800333279,1.14698793913048,1.9838457871246,1.1153770628292,1.3656020743576,1.09026891441132,0.814031271791709,0.868996072085502,1.0478865549074,1.33006384465703,1.99076960065366,1.52282304875153,0.822668311136003,3.2615082245633,0.880067227197231,0.648345636457254,1.51877842859549,1.34692346624817,0.888478630701306,1.00605253624421,0.743128478756877,1.02598928357016,1.53450575878029,0.452419234177966,1.29060981936349,0.734871020393522,0.974644683180207,0.761326140813405,1.73573402433904,1.15050958339848,1.40829650676467,0.966730299120415,0.966842863319033,1.06155317701162,0.931953008389617,1.14682134297323,1.0738133666285,1.84519096856385,1.29356166301746,0.553108645725731,0.857222266229184,0.830260979723321,0.779540804624923,1.15616769898631,0.694483583450221,0.519155467374094,0.780338118148522,0,1.22999382805667,0.848286586321304,1.08376271363635,1.46544523206578,1.50357033083939,0.9365601006284,1.52631450794479,0.71213339778617,1.01122382770413,0.914447762827796,0.764697373896692,1.34445152851369,1.24413900872318,0.859856713316016,0.901000816103274,0.95411643320331,1.2170772972821,0.72956548745194,1.53591856421598,1.72555681988573,1.67100355959761,1.60029091409957,1.94115826078099,1.06850485935813,0.69065408233024,0.847950874905876,0.835193445739826,1.38408198938973,0.851323950606433,0.622687541994713,0.956276240285755,1.05590566264425,0.720057421546683,0.52394975816951,1.86907807605411,0.743337442479836,2.08148001680495,1.1301943651988,0.809257463357202,1.2017331078252,0.925042463974417,1.18496519268029,0.77027710697029,1.59530557570604,0.779762884450683,1.58103994245862,0.465730826937414,1.40722054693459,1.40698955156808,1.81500940451685,1.43241713574154,1.40352644893244,1.28505034571987,1.0734575686429,1.10501763507432,1.44211826751006,0.758482993356116,0.888917327331406,0.701573281310213,1.11351059976654,1.33740412635326,1.22883215573086,0.554728282719288,0.791336060528859,1.6351697269167,0.688846438715419,1.388002744931,0.885767492769405,0.940727186724981,0.858298524133919,0.716389918359217,1.02966147882682,1.07124479143342,0.925220822982277,0.88322740557152,0.816272065482147,2.21270237020058,0.920504700027236,1.24375796384344,0.780576513232975,1.35282478945659,1.67903595487081,0.641668130669176,0.597738605083112,0.954546906440429,1.05928442799756,0.839509053024944,1.04142325142203,0.878392547571739,1.21610839003262,1.93643272258048,0.637902921231671,1.12424386778925,1.10667789922785,0.966208536923146,0.70016763097234,1.44868539556178,1.1189355221137,1.62050215993345,0.489970334571048,0.691532955000226,0.431067588886243,0.859494270794347,1.24317301519977,1.40287157205087,1.20206797685351,1.31129090391501,0.856515318667587,0.561371467191277,1.23667611177131,1.38553841442767,0.595859597605268,0.896081546882234,0.734877300012843,0.999211930104574,0.753676951545559,0.785432181618467,0.964091199963117
2.19188280704882,0.79233896728282,1.98226831528602,1.13710203787472,1.00381628339562,1.20572505773148,0.843295692723998,1.37571182526122,1.0539600940235,0.959648732151886,0.600270901785506,1.04882987939632,1.05737324491034,1.13585044742951,1.9885329502135,2.17771331720955,0.86891356669272,1.69575897524885,1.14982192723966,1.31949720237758,0.915006954463955,1.12610687624399,1.91590379727575,1.69174531607409,2.43090736169149,1.41577296739157,0.572892770725289,0.82917899740725,0.867456902873823,0.817219843162861,1.40866540845679,1.09857534564191,2.15020126697892,0.951277417466632,1.34756604197635,3.88774072926322,0.694189489937447,1.1559555330784,1.28344046859371,0.907289290047982,1.07723887493276,0.601642704333856,0.61542005633155,1.28274747467963,0.824261142872741,1.48693955424537,0.812729623687755,1.53668607080061,1.20782586260161,0.946415674154073,1.2732249162928,1.05468663347711,0.886020921517398,1.33438868518219,1.53980541837445,0.783142226156993,1.23124302863382,0.889835509276967,1.33672366623443,1.35717866666013,0.704309128926296,1.20664020624803,1.19715360235608,1.36647147307448,1.6064212678027,1.74027986890454,1.12890993191285,1.17009367844129,1.1072095568511,1.22999382805667,0,0.620778421357352,1.58769805432006,0.856926773023027,1.86405002963816,0.857743877507403,1.34021570605483,0.905835628986072,1.02079575285195,1.16704895033747,0.883736371138678,1.28892800113315,1.67986178678709,0.897850246195943,0.557216779645602,1.53881463156305,1.24420962719943,0.943030818894356,1.40004954801923,2.01761177236239,2.10361698369776,2.09179505584599,1.71826785858652,1.73759051727457,1.05936823736767,1.50504376910762,0.736526130334998,1.62323965860444,1.01881070504457,1.25660573736664,1.78560407265163,1.6073022693477,1.65652173070664,1.30524337454958,1.42406715413585,1.00553537883739,2.00115212062685,0.608544709690421,1.08644181549296,1.96982169430643,1.69970871879673,1.70579144352777,1.44515695124084,2.40373507556844,1.0050166093338,2.31435376317501,0.9913512105911,1.7934492418559,2.08257150967548,2.19751140981528,1.97510586859676,1.43611131321569,1.14474326449528,0.619457521736623,0.599037159717213,1.375432205386,1.381328484519,1.12842056988535,1.30772658303042,1.97097450778526,1.15611625271456,1.86983451908935,1.01750742562309,0.69933382827934,1.25704454529728,0.908810270625388,1.40403460195164,1.52851556501687,1.70333645744888,1.06562719039715,0.963125966693833,1.58835443648913,0.626274644012478,1.05064973879486,0.879729952235103,0.728226139337946,2.89475198023125,1.61318327560397,0.406270413404102,0.874934495225485,1.57420841469618,2.07791368751664,0.87961368448423,0.982530998641993,0.688211262396983,1.09730127812713,0.744695359723052,1.73788367940401,0.818934747362765,0.94248158377508,2.66275026946486,1.1795865326899,1.00078113413795,0.537745190880416,1.04263879194243,1.20312294484744,1.04462370579072,1.19704163025494,1.44746682077656,1.16614092678734,1.5303089503834,1.36266778505849,0.671448597171634,0.997804633991937,0.691118286535995,0.918039968638246,1.9644864085883,1.15676704345098,1.18565158981556,1.26178634856773,0.915797731298756,1.46797548720876,1.2615556290489,1.14666006148433,1.0920141743446,1.64642374180532,1.39085291343916,0.923186356027266
1.86522140492182,0.714267557155927,1.6696538697082,0.646857606267505,0.863879220497285,0.774070499973702,0.53837665509442,1.07983537621901,0.663862348318283,0.773467834746685,0.45449773225619,1.02871558560354,0.604657395196734,0.857696241434954,1.75634799645668,1.84113592024081,0.484040945189262,1.36177174102083,0.917946693665115,1.37876124376101,0.776499048779251,0.688809048017978,1.77478868085117,1.46451807414368,2.22882614489698,1.07182288138217,0.720917677723568,0.468711997151327,0.824897160671497,0.445098290164031,1.14751173366632,0.891688461528579,1.99458488034385,0.937058701298473,0.949931277158858,3.6073755558579,0.622509494482198,0.849764255037574,1.1963777026606,0.835226451933299,0.698168646536671,0.633354628435878,0.400763673203138,0.898148203517295,1.07242919349168,1.14725304182467,0.646695066460969,1.22727856563232,0.885303292959348,0.692866269288179,1.20794628691772,0.811250347345971,0.785011823482183,0.920484088283437,1.23590090775201,0.541874485503822,0.958666728906003,0.826478519912247,1.14530162666423,1.49400506761965,0.685423299473825,0.754231737349528,0.814717560895952,1.09237587251934,1.20560000771404,1.50282976128373,0.785171331543997,0.770544100004588,0.845742298585961,0.848286586321304,0.620778421357352,0,1.28866461955126,0.930240336277089,1.48589296119848,0.634515407250626,1.26044747028899,0.499737152979321,0.815260449172473,1.01009789012411,0.521937398295799,0.970888965588996,1.38692518594173,0.667087464575077,0.351758028339723,1.14173765920569,1.06166441822699,0.575833471182385,1.12802615463058,1.75869655782722,1.83406304186118,1.81348850777755,1.54292328952939,1.37890014233198,0.608725401033342,1.16843795081128,0.272719353965146,1.33865653198725,0.887421982745589,0.792479409626854,1.3302649258883,1.30811424802814,1.29988632163739,0.999553008159494,1.39543050980507,0.814721260603245,1.9601193704416,0.778778770393922,0.722196250142902,1.60452235936588,1.39526376483053,1.38238819888876,1.1769453140513,2.145016826247,0.680577850382401,1.99631465380877,0.63604650915497,1.42319450239513,1.85646419012655,1.94808930760911,1.58950335979197,1.3782046115801,0.827334500783526,0.614917430045612,0.73507876573487,1.27852251748482,1.07465318294956,0.761171494800999,0.97598254284018,1.62739668830451,0.820230693282451,1.51431276846568,0.684404652903517,0.527544507827315,1.30357859467626,0.485469550694974,1.11122696386728,1.15180360618148,1.35127680023272,0.787594148388316,0.71201143805908,1.16230837438426,0.478293566674162,0.771534306148479,0.479601748651752,0.569705163461395,2.67597423917694,1.36640197574212,0.570550118846934,0.473838382569335,1.2487749202747,1.80513481370225,0.529608498854198,0.599481986821159,0.283169711725477,0.836720522476891,0.658724830936512,1.36747957143948,0.517140508251805,0.657456776952659,2.39591881108808,0.852532432639159,0.684695204637845,0.64839001961286,0.638289762805267,0.97176995486282,1.11856198948759,0.729741236067276,1.28772390484221,0.782000061363831,1.16149228926899,0.99587345200888,0.389040593387367,0.691705005686608,0.905688319680632,0.66099054779034,1.65609065258236,0.763157847708251,0.825501562435435,1.23200360559598,0.918928026665592,1.13133277526503,1.0522872534644,0.891832263140178,0.832375600726622,1.30339007589087,0.995726515233402,0.583737941688211
1.72647550514042,1.6312149737,0.856936699571467,1.10921792984265,1.22579211025841,0.974075335644012,1.37739603454634,0.807807246849224,1.19468133939825,1.21565329658303,1.39653827432357,1.65940278959899,1.16563823859943,1.20891147678066,1.05415591369102,1.39418507213475,1.27435482256931,1.11896117747017,0.919835204868193,1.51602640108186,1.42778283537778,1.13580656908169,1.80620191449865,1.11234394535623,1.94801343732458,1.14911447787279,1.4453906581543,1.31111543617478,1.48653964798772,1.3469510645675,0.886715109536682,1.31731693275564,1.54586082803956,1.60656346198282,0.774397952352214,2.97412382692515,1.17983330748891,1.49532908404842,1.06121754171208,1.17518664699912,1.02798813152397,1.54902785860949,1.31922822484,0.788903339613857,1.87863928261601,1.07057681793382,1.37541682105736,1.03068985423584,1.01898712933126,1.22129133463968,1.61046860700767,1.23136440769844,1.4587761619922,0.89192676613935,1.08778967868321,1.23679754226594,1.12373252865443,1.03734274455717,1.02937180676306,1.91476291164797,1.42483540764709,0.811141555646075,0.728307951074661,1.1232729697464,0.760473620451604,1.10926160603663,1.06446085164211,0.988434769873559,0.978288063010755,1.08376271363635,1.58769805432006,1.28866461955126,0,1.46695441531149,0.803539332297865,1.18352299220606,1.32012088646507,1.22149989074559,1.24963420948387,1.35738540891182,1.01057198698586,1.03669424246799,1.3266235480086,1.01850643383716,1.41070306902037,0.721058320941933,0.983998617100906,1.21410202736584,1.37675730216333,1.69010423617503,1.57257523163678,0.899122097189247,1.36103459272847,1.0464967450378,1.15614261781519,0.646021276784436,1.31771338267509,1.21742103612163,1.33156607213228,0.982608566172145,1.13799043897887,1.03388578813961,1.25894198366975,1.36590097309712,1.47334576429267,1.64506728594413,1.82775595411204,1.79518056696193,0.929049288330221,0.972876801965507,0.914509237554098,0.861547735660644,1.14407844363435,1.65856804493066,1.13123302953636,1.4784874638673,1.17738338327594,1.2459415166747,1.75564100149454,1.99238845204164,1.6053114395197,1.53627942014353,1.34702857099003,1.56819333923367,1.43426668712462,1.48600644090029,1.08058210097558,0.858521454659638,1.18381864131896,1.18810036072569,1.38751119567589,1.22092190203307,1.26604295340269,1.25295885821963,1.28801202999798,1.29997429693543,0.921178156091184,0.936730217556079,0.746160171004019,1.0246439905862,1.50040957774968,0.819338682201624,1.53153748498942,1.05267662748891,1.26455479778945,1.1233730983087,2.0893393942298,1.60114421400191,1.55733725370214,1.03348177525526,1.26805637956631,1.41547981860941,1.36816557661879,1.19701498153855,1.43787630911114,0.824670715315828,1.09446909220339,1.18699410932931,1.23901466986543,1.25186591553938,1.9969169636033,1.42749205813852,1.10272162329459,1.62287248916809,1.27322122244808,1.22880809701991,1.3647032501983,1.34051754673454,1.01504897050374,1.35008326021318,1.09983971783862,1.24627921968981,1.16952842991709,1.24138437860027,1.72571743805228,1.35180323130704,1.0018253600865,1.2358676127535,1.07652948375303,1.56425965307635,1.32674471703642,1.24801252675789,1.22511260768467,1.25861931133293,0.951606486098247,1.25566374066815,0.784331552504232,1.3030169483063
2.22065187088511,1.27426727096263,1.85565235773303,1.19386873806596,1.08448051620258,1.25555709041628,0.841388854174829,1.43147976334632,1.19304751316608,1.21061651458383,0.876349596268098,0.96340311821293,1.2872248788842,1.13580040115459,2.09685396978047,2.27359860797404,0.980544396592135,1.87852285055066,1.06055214053042,1.32487262081532,1.31371267350359,1.25578531624157,1.77484362449387,1.76776964687662,2.39934336345716,1.51332280203653,0.563675662821001,0.91182452655356,1.11154635467159,1.21314381150138,1.14549153209429,0.776766389097129,2.03327285870215,0.985898245834413,1.4028843130543,3.97382784623195,1.04789264670514,1.4181512740993,1.00436971678702,0.596836109222801,1.17682812863811,1.04437398734498,0.984511721639863,1.19349617307545,0.776534058187659,1.69515478664973,0.766716724832602,1.64198984716345,1.18806204586333,1.22962739805347,0.71015226859146,0.933694258187382,0.499426661143216,1.2239348948978,1.54767419064799,0.840200884994288,1.47253831870731,0.78906312364037,1.45197742881055,0.965328182151101,0.781376513378302,1.30405530454953,1.14737767360774,1.45368813821703,1.65867016838277,1.81488140089281,1.26774931695388,1.36248585583807,1.28292592045918,1.46544523206578,0.856926773023027,0.930240336277089,1.46695441531149,0,1.62506629456632,0.675930257507355,1.11684398349394,1.15102056399987,1.26366099808265,1.56681178389498,1.07090494660228,1.00280285420596,1.87695322174109,1.13781129402299,0.958820223744106,1.47972346751114,0.804735789277111,1.15050189528496,1.28542033805868,2.16443950906041,2.1962415490388,1.99293454573534,1.25867149154184,1.58325079025743,1.34095201794471,1.50258064042606,1.12427217257933,1.30396437850935,1.40493502544682,1.40383204233947,1.90700680395936,1.58295970995092,1.87994323007816,1.66216119087289,0.854975138852496,1.54362130283053,1.62061289581424,1.22993461308722,1.14976105708781,1.9916010813686,1.81048555085765,1.65182026573987,1.62823388800721,2.56385883740937,1.16422467587813,2.42748788307542,1.21887074023988,1.92592533251904,2.36277143480878,2.3678998010186,2.16029375256552,1.48967682198111,0.926504984174901,0.817095065614514,0.717768488126276,1.17466925707831,1.64714949550433,1.06943664729622,1.60609050158257,2.07936863708793,1.13463682467134,1.92547332731403,1.31387551550202,1.08689997725262,1.09436379614392,1.20557606980844,1.1850331183091,1.49299621656299,1.72090688074989,0.954109212503071,1.3024885011447,1.49332178654799,1.05623692108577,1.0531427641693,0.802103979849605,0.732339750327261,2.9119341888816,1.88576074378491,0.759321927031132,0.928707004580528,1.68511599630252,1.81460758127831,1.12461624999561,1.19008103471706,1.05686236701633,0.811663512202496,0.834559861835807,1.89412113634896,0.796103141289888,0.72736194510806,2.7728589716014,1.43015565446012,0.775975090979373,0.824417720580114,0.833800672699155,1.50881461714659,0.67876740486024,1.26645117535093,1.08381440411592,1.45917294132351,1.62845651742467,1.60467733812867,0.949802480023343,0.975524775723294,0.656743259564537,1.06875028928138,1.98067497784898,1.22692006088371,1.46126100202918,1.41658300859601,0.546463620157666,1.75163077661042,1.59388338438573,1.46091741698099,0.909123115546761,1.8810389980846,1.35337054128551,0.753094373744284
1.71291199135939,1.94990456283182,1.05212105381909,1.23099113141203,1.35586613258516,1.01273414388977,1.59276296403287,1.27919180531423,1.27572473874015,1.60058373247319,1.66431852614818,1.65859183679281,1.30357477505891,1.62194389659177,1.38594381916626,1.38799702045253,1.33135358604748,1.30122174707449,1.33659425140502,1.97714349271801,1.82249701511365,1.29588678232868,1.94575541877748,1.48504776788942,2.04512156603245,1.26914890917767,1.65885519454553,1.4357188109703,1.87370823748238,1.55140617127943,1.18237800528881,1.48961896674267,1.62859240175215,1.70154756810716,1.09372605674413,2.94847390460872,1.52156335041933,1.8446968495067,1.21846164342814,1.34841566300596,1.19201518980676,1.86791941923114,1.60097569733026,0.960802121470771,2.14282886754835,1.53941836371995,1.47327680855311,1.48489677163342,1.33368375666267,1.51806401139198,1.58271526079618,1.49878903723225,1.53067865318428,1.09674948760853,1.51110333751881,1.39479075070466,1.30660311346402,1.29114383048428,1.35585285487452,2.04737296146049,1.6292746701608,1.19749023374891,0.969766902474227,1.40709135937317,1.14182385247084,1.50959160795256,1.40212736989521,1.34629970071248,1.31359103165625,1.50357033083939,1.86405002963816,1.48589296119848,0.803539332297865,1.62506629456632,0,1.415481175044,1.62246113801274,1.44465564225859,1.48176276554313,1.71528718178433,1.25723878124679,0.952808744075971,1.60416837644095,1.41450929866936,1.65903797936687,1.07752803260848,1.14545729602769,1.44232723436941,1.31078911782739,1.74525079232438,1.71423920729942,1.16829700592431,1.19239737631757,1.34917543265448,1.32334773318849,1.09839743687864,1.51791389773641,1.32789781329904,1.69162603404284,1.26406112681191,1.38642094608235,1.27119250230383,1.71657723222081,1.7648951578293,1.45796945236788,1.99457913839198,1.92246953671901,2.12751027397237,1.09933421770831,1.3605050534216,1.35717760650106,1.19244551651556,1.53512850273769,2.05555271426807,1.35878417648396,1.69658768922144,1.48752100996476,1.23333036294377,2.03537263056834,2.2361784364436,1.53196349611628,1.79443485253301,1.42404911084995,1.80671043536284,1.74786732136723,1.60257480720838,1.45105903727001,1.03374322777708,1.45162400248533,1.42787767323753,1.31123790470432,1.46010164625681,1.58543593176426,1.50563562546543,1.46073402467051,1.53577934212579,0.856482844078099,1.37830920865087,1.11044974347722,1.27009483639907,1.85137634026206,0.728655850200515,1.6962988441287,1.23403225290876,1.45186180968173,1.43318022983753,2.35466927295431,1.93467260894928,1.77188657815519,1.21396140469442,1.32339586001231,1.47458712140313,1.65372969918795,1.53274017999359,1.61463811300942,1.07226003869714,1.50572631577545,1.4159875263556,1.47030944807846,1.26133891145751,2.31828164405283,1.76517633690452,1.14662309578011,1.9142788511599,1.43828666203245,1.72687918283925,1.63486108267632,1.34818270956993,1.01984140026056,1.67664705856474,1.43790383654038,1.63668951470029,1.38937500430093,1.27688231841678,1.98220840433552,1.4261121671602,1.25329214023251,1.39522649722539,1.43864890311735,1.93230745339512,1.58267546854593,1.67632246034425,1.54802357477358,1.6242264550294,1.27200988761825,1.68889586864209,1.13945737967493,1.46796093957619
1.9991671840967,0.880161284710587,1.52379254387314,0.731643809483022,0.826628274689575,0.804176514777325,0.629233699937113,1.08809885731913,0.94158211129329,0.868168270402064,0.68767388477615,1.19874802638669,0.950108163471262,0.776014252096438,1.73293088685518,1.91842435774169,0.812022722876454,1.46252831843097,0.82091024444332,1.2363930514158,0.851562258378903,0.932329542614636,1.79638197487186,1.35758042199095,2.01261517823684,1.25491613630432,0.815450030827905,0.787986257758753,0.684001767441546,0.846304047970281,0.851708005475486,0.853036944296424,1.91625162429899,1.09624411562573,1.05829003123378,3.69759255893954,0.763249088588189,0.897740516528121,1.11547429578852,0.787677231349178,0.891575194624182,0.793885060353975,0.640552836616894,0.952651885041123,0.97472194329512,1.15834507154993,0.837504789866424,1.13656047011138,1.00917030078581,0.867128557618758,1.0378854244611,0.844201447809116,0.733520422932631,0.913055906707003,1.2052913684246,0.729967619523117,1.07666959291075,0.6715032766133,1.17841026513235,1.09310667058963,0.888201539358116,0.833464061433398,0.866115115184705,1.0481732108571,1.1804889203486,1.44553464678545,0.77258652422707,0.858654638002635,0.81107383746247,0.9365601006284,0.857743877507403,0.634515407250626,1.18352299220606,0.675930257507355,1.415481175044,0,1.18937034392186,0.794689165256758,1.05498123209014,1.2149625184275,0.746872897115585,0.943082693890793,1.55615500703351,0.88099135643564,0.693712654103058,1.09801679427328,0.683217680200874,0.776757622184253,1.29163290476194,1.92534508263334,1.92721903423744,1.68841341172278,1.46866157407737,1.09843979604366,0.937002999120517,1.08768824921007,0.827987500979979,1.18188026610611,1.09434806773157,0.931450593408883,1.42665296668347,1.16967532549129,1.33964396260996,1.16040075399632,1.20220501149841,1.0870833454426,1.56075952907242,1.02227457871879,0.857897657833315,1.54828816285032,1.40338588010439,1.41339327245113,1.21303188795626,2.19475334963396,0.759168432698272,2.0618997644725,0.710192590011074,1.62448769444972,1.95280173662127,2.1071782534128,1.81449743269764,1.2913825705325,0.925745451883496,0.613225070093917,0.642867241083938,0.983310251119767,1.27378644839646,0.689669541314707,1.15680892183275,1.65815948065557,1.02625945824677,1.5914624559945,0.738446352392333,0.740251607650008,1.22032559370796,0.766804606630619,1.13239634633687,1.11825910158373,1.32729720381217,0.64157746306625,0.84617875402911,1.14667468855892,0.921517412025425,0.603942700358794,0.524249934471502,0.3831791593521,2.55835888868903,1.44692973317671,0.789671018125223,0.568023740426328,1.43020613903767,1.64142389328988,0.650204923137607,0.762911837063904,0.801661758134795,0.687829256590523,0.559104622091639,1.51659803279699,0.572009811939006,0.635995243247803,2.41857975762889,0.943693770286507,0.612639427649595,0.728704065082221,0.516490973068675,1.07356640231379,0.865622007822293,1.04234911498625,1.19153897670472,0.91171461961752,1.2232093832074,1.07546503906528,0.65405164872829,0.950158825997358,0.83324062419195,0.936889117130569,1.60921114459404,0.887735532261893,0.937852816335342,1.15470347363985,0.832934641463045,1.2214665315892,1.19718474985662,0.979616062679642,0.785582279455253,1.35446421193916,0.964995643482636,0.403464865768137
2.29065267045173,1.58021765714478,1.83094543169849,1.4358172339165,1.45319757826177,1.41809074822431,1.30071537204335,1.34257172696388,1.39923891373916,1.41349753140044,1.00841037108387,1.53796642767018,1.47657672558892,1.30011004673071,1.94942549075717,2.23297383182346,1.34100541633809,1.86455278583688,0.958595337841565,1.04213759660618,1.50724715748999,1.47651212415173,1.91695805012034,1.63330012153988,2.44222396040652,1.58495289219594,0.974482240592768,1.16289242605802,1.46257786711529,1.42717613458628,1.12347659186519,0.735552517735806,2.05890559533847,1.53741982842528,1.40824597656114,3.81414032299421,1.28788596173093,1.58151127328857,0.918525582810777,0.799750715622483,1.26645575971574,1.45765933315149,1.3889838423535,1.27196632507639,1.50588357289438,1.65661487243725,1.26704800777084,1.60403769005722,0.96934961188604,1.30324766617743,1.40474901244027,0.783943033155258,1.27740222727002,1.34978480678611,1.42558406213718,1.27798914050797,1.61214052267219,1.09848096827943,1.50942087610308,1.6677149845334,1.24152953796292,1.28334574032332,1.28451248173969,1.57199536790802,1.5989564764092,1.86106621062764,1.29224406063566,1.41778233603499,1.43959493469915,1.52631450794479,1.34021570605483,1.26044747028899,1.32012088646507,1.11684398349394,1.62246113801274,1.18937034392186,0,1.43003367650289,1.48119917474049,1.67944876010655,1.25411645348545,1.30820364740919,1.73150810016504,1.05294028451246,1.40600579294812,1.34725015745158,1.18824577751497,1.40350063818272,1.56341910554259,2.21733577870853,2.20797557420002,1.62841870779281,1.50046633681775,1.66361944111638,1.44411936540928,1.3635753118851,1.35223584079882,1.50691791630398,1.51628467408099,1.3697764996088,1.84954144929051,1.41604379656762,1.85751839449983,1.78633020364142,1.30470348511344,1.73972497421894,1.68726675304017,1.53910555659179,1.30092063870043,1.86576003658569,1.62823201682989,1.16421694493446,1.71556547563931,2.45802303642376,1.45542413390438,2.34004171938998,1.35380701868835,1.93653827091736,2.34510431656855,2.4024781194864,2.1791520454047,1.77424184907603,1.33085667152465,1.44165612548986,1.23596015059261,1.66881591344864,1.418472903045,1.2302980013394,1.5779231770971,2.00002959749472,1.52449420581094,1.83372554118768,1.45864813423815,1.40726196184883,1.30038216582915,1.44813702808375,1.29216440248032,0.99955606708014,1.61670943836122,1.16102329752156,1.47456724200915,1.513583353395,1.49136799715421,1.35629409701422,1.25967957902434,1.15560177555322,2.62110759420315,1.94352402644859,1.34704466843274,1.23462605159675,1.65366503583025,1.87730992986054,1.42181877985052,1.43194541667947,1.46615039474632,0.848451265196676,1.13147653291318,1.86663191239928,1.22683482069298,1.31619911553913,2.70252017716339,1.56882557166581,1.19419031257228,1.40462350513579,1.24942721942956,1.43801903835943,1.13523342958685,1.5275321956852,1.1769076020633,1.61176736900801,1.62893005750214,1.66555171853698,1.3308074377457,1.32939145558364,1.37988476914433,1.39449285623494,1.80227257359195,1.48000460273752,1.37181217816887,1.5269820444729,0.750508517712671,1.72995170731053,1.56899261902245,1.64091076140655,0.726938764813566,1.69148187911103,1.40231300744757,1.29262081109927
1.620880956531,0.808156168864438,1.5298621080282,0.521071223825375,0.924270777030981,0.729513416816038,0.652273406181454,0.968695999899058,0.607065550990007,0.693528369187852,0.771056218046418,1.1254332980008,0.628005842499966,0.895763392123856,1.56232396520654,1.60231044995021,0.62449311256537,1.15940039660366,0.881351727820415,1.44862679884542,0.808230734247087,0.480518461569366,1.59733731020339,1.28277882389402,2.13896096271443,0.871103533654133,1.01312472185182,0.739958019329339,0.942394727142825,0.57624669538036,1.09984310982892,1.08198242794285,1.71056306560333,1.04994706206833,0.814665661151709,3.36675228934949,0.783602527598497,0.904507856749509,1.31952498032263,1.0387035573626,0.628244490969302,0.649581606301962,0.519369746359781,0.892998106896206,1.29435566968165,1.00808395070115,0.890769092195061,1.01428775290275,0.94156547109571,0.669658659098272,1.32326814984403,0.839406305884205,0.963704596710657,0.755616714502169,1.05001617603654,0.660094402468089,0.757479744646613,0.917179651414518,1.02296674521239,1.67521215559821,0.833820069568604,0.774829037346361,0.695034330106591,0.782433068226108,1.0360273950619,1.27945406240117,0.900734073214405,0.748439435207228,0.736204579636363,0.71213339778617,0.905835628986072,0.499737152979321,1.22149989074559,1.15102056399987,1.44465564225859,0.794689165256758,1.43003367650289,0,0.652889504736733,0.927265382830926,0.629507895496262,0.995846058804874,1.31780798392574,0.778142113613018,0.549771878932708,1.10117781154323,1.04419793778974,0.545281954365426,1.10542905825717,1.52387776612037,1.57861914146751,1.78442044841101,1.61740509772405,1.24393374051507,0.624528003639187,0.974865502017925,0.504539703450343,1.15882892719703,0.756117202166626,0.810356363778839,1.1845021117208,1.21527361097021,1.17452885117722,0.828446484021828,1.56201176746232,0.899388243902189,2.06368998784475,1.0442212551493,0.66662325676887,1.51953518272401,1.23466244617031,1.29256122231661,0.948644471341568,1.87900364014305,0.419094469906957,1.70919567385785,0.667309581015141,1.23316532937544,1.49317750403707,1.79770187770003,1.39209316976567,1.21532179434576,0.874297271972405,0.833959881698508,0.962626844682653,1.3190722553034,0.994135888596136,0.815494022433765,0.906997493911951,1.37774450121841,0.863157102109945,1.27554944678868,0.739197786893807,0.56958274407364,1.48009608958511,0.495907763218218,1.14758062269589,1.18059527691537,1.1585435867249,0.835813445384252,0.852265600552917,1.02768478758128,0.661777958064086,0.827983072052502,0.578746305162619,0.710175129288305,2.44403153025187,1.20225810664596,0.902587767404964,0.426545247384962,1.24141997701954,1.5627149605736,0.62721712253318,0.576394610431433,0.522094498477598,0.914486293263701,0.756728201937743,1.00568417698834,0.61914043561687,0.779951722448885,2.12118245508571,0.874361562293702,0.883681284855372,0.862988572027201,0.756722693222145,0.891817729175056,1.22400045285597,0.641422321539006,1.30152206356337,0.715508077757869,0.97112006637143,0.787458824671172,0.494994093798623,0.806851499937659,1.15839824419184,0.896129309189401,1.41338634390012,0.593298661816077,0.833244230884708,1.04038173064525,1.16462208569582,1.05128040558264,0.964416931487691,0.75576554994929,0.902302117431187,1.15594207660517,0.823786446271519,0.696154565290004
1.75463869481168,1.17771680268917,1.51054401394709,0.945903593060534,0.866771718631721,0.901088686986821,1.01617409689419,1.08973722195193,0.895351153959202,0.912970540007423,1.06834089096147,1.17483076206816,0.966535986779787,1.14229337144143,1.53649597818581,1.72301258527502,0.785695521308847,1.34497431316484,0.843016337262019,1.49610014851226,1.08119296850145,0.904906268408472,1.54783290266752,1.28031385658465,2.14685268233314,1.03177945136258,1.12852099725653,1.03274778739149,1.23968564097952,0.902687656208839,1.10427933369307,1.30615907852258,1.52036908891828,1.03571052452156,1.00199224409606,3.28776568724112,0.848720306279439,1.29885360104993,1.30967649422129,1.04300341954745,0.894086804156914,0.91918658102554,0.86733364371545,1.00155536326186,1.47119435345237,1.22634931581507,1.1032961733185,1.2216155031775,0.933378248898677,0.883248410968538,1.3153893949422,1.08967286912579,1.16532026870692,1.02620935906371,1.10102658490401,0.947875174877747,0.793975253220007,1.00158809237745,1.04663004178567,1.71318334449413,0.913421473127934,0.937836239088737,0.938223702476759,0.937404402163454,1.16252911847231,1.35342687892955,1.17560164726566,1.03071045404777,0.917841197506434,1.01122382770413,1.02079575285195,0.815260449172473,1.24963420948387,1.26366099808265,1.48176276554313,1.05498123209014,1.48119917474049,0.652889504736733,0,0.930319150959872,0.859021744882214,1.08315210718425,1.28709438849367,0.810791423920256,0.850017111765991,1.28200331373063,1.0561302849782,0.941118293732163,1.25086159123698,1.56247901418261,1.55447341942759,1.74716088074571,1.55184004197368,1.44649715455465,0.955043053717017,1.03549791959982,0.768022811813233,1.18435629254609,0.831257999332901,1.1288252741018,1.41496777592159,1.29957086361001,1.43091140930075,1.11133080543283,1.55621859988163,1.22938484843833,2.0507624629267,1.25830919722156,0.879904604072911,1.61511892368546,1.22953598477094,1.34269540368257,1.12281543830756,1.84485902122175,0.735317442893817,1.80154506312656,0.867354152619351,1.23895432995268,1.42563285893033,1.70350940022989,1.32527027032892,1.19018812887041,1.18682536556066,1.06613778728766,1.15712429817668,1.36514311105811,0.96933009135759,0.954667588897949,0.968412133571728,1.52369473757086,0.990195219235516,1.1397860906049,1.08815134284417,0.798332902926086,1.40675283369425,0.990589814519047,1.17872533430846,1.37409664165112,1.19788241056826,0.933610625461781,1.21962341792928,1.24295577647509,0.798024796645325,0.862491067316698,0.972015426764325,0.953624395283936,2.34441723141941,1.132689194523,1.0433926877083,0.654371332317783,1.16212618001816,1.33910388135658,1.07611614756559,0.867386806215364,0.866136476704062,1.02333146603112,0.9235643738945,1.09244944853218,0.796794020650056,0.950537442320566,2.07351829134973,1.14745959037945,1.06715736227011,1.1574641596736,1.07110624465723,1.08599647851581,1.22960798190389,1.0113519132027,1.28573243350593,1.17203647006807,1.16643692189593,1.08179051001279,0.774438365255532,0.973842069180596,1.34515775720927,1.12654469394797,1.42613354480811,1.08230653006255,1.09061179455876,1.14115581295474,1.26668101790801,1.23461376144296,0.832560532694617,0.930440935979269,1.02981369548861,1.3594154741022,1.07937967172643,1.06070318029319
1.78255064098728,1.21224603230243,1.50320095354251,1.11485737129605,0.939479146256982,1.09798163637655,1.34173174385507,0.883406147100467,1.20517400070759,0.689704239842984,1.23002316691244,1.62073226046593,1.09365749263734,1.15878500160169,1.40808319723945,1.54791627548018,1.18671754293781,1.17811299754284,1.05675911513693,1.66354290932578,0.823914029173856,1.0303056129215,1.75308884405781,1.0589665541637,2.09843592566479,0.953552537560146,1.43348656391181,1.36917703781634,1.17746234977137,1.07930773426794,1.41631349827218,1.64097685274316,1.85364468028101,1.22209450398275,0.983425595724535,3.02611310437705,0.962249424350361,1.2596539967812,1.60119009136571,1.35831897702571,0.911097137532591,1.07135593205386,0.873688677047072,1.08846380620222,1.69826315261872,0.97549392490563,1.46153421234456,0.979089687897046,1.13043542393721,0.666657527408793,1.80084179249836,1.42489157332107,1.58178888223254,1.18987695841021,0.977341942772816,1.15352426254568,0.848874699976909,1.27351881741575,0.766912628809468,1.95047486891849,1.1642515796058,0.935370564506694,1.08438176084548,0.884465458312697,1.13348090773756,1.16302992446949,1.23856904111944,1.01653754792929,0.824992201903302,0.914447762827796,1.16704895033747,1.01009789012411,1.35738540891182,1.56681178389498,1.71528718178433,1.2149625184275,1.67944876010655,0.927265382830926,0.930319150959872,0,1.05717724600462,1.4430780040905,0.910617736843151,0.831565362946271,0.889908013072381,1.39252597998401,1.40155551674693,0.979329158698834,1.54466223664175,1.33819633603371,1.39174658726477,1.7322129045726,1.96870519521724,1.47606693881896,1.03434624022319,1.06118065427073,0.931285021366933,1.42964601571821,0.417351483891941,1.17038034095833,1.33069343719374,1.19674676781469,1.1621909576985,0.806833512218305,1.97898690806155,1.09671347004364,2.17166575826585,1.2416322508311,1.01084677688699,1.5158347850125,0.969898012582671,1.27342429758022,1.02961575294386,1.52905059382463,0.837880432999136,1.67913886184427,0.997975001530425,1.17934080807502,1.29542718076914,1.36022882435735,1.43139467514551,0.996802486299782,1.5418301367502,1.22241277998431,1.32648615671432,1.49994473172642,0.894844949090611,1.25185169690739,1.1336663331081,1.35846789547459,1.45385930831223,1.2696277336784,1.01456793852419,0.7051924573201,1.65504460948991,1.0215142856424,1.45065342693897,1.428662598462,1.20960752948473,1.1013261731875,1.23207274357789,1.27154690803716,1.16202497770791,1.12314196221124,1.24422367627091,1.02247259701621,2.25319936003822,1.34290385173838,1.25966597757617,0.951793481849437,1.14752851215533,1.92681390025176,1.12199508523437,0.822739914008685,1.03227648377137,1.26338567407096,1.0369702482284,1.10455850996623,1.18623259869583,1.2946353013018,1.81302456973279,0.981171181106807,1.39543614747867,1.33987089396936,1.36382667300572,0.770611619578127,1.62077863046945,1.29414350240221,1.68287350327059,1.04642906417926,1.09571341109579,0.912046496223374,0.917437996827718,1.28333486145821,1.60322567113347,1.39210539919113,1.62660208383651,1.13403283367755,0.95353973613037,1.3887497641833,1.57644276793545,1.13508905737712,0.692390835226292,0.761674461866471,1.29823983855194,1.22923009172653,1.03617823751983,1.32702348879037
1.87046138071201,0.86252663416672,1.47309043342421,0.764490877535317,0.927664013830894,0.616891678515753,0.735775645167187,0.952188747179542,0.621238300136482,0.887218173797359,0.690800051052449,1.18281089372549,0.582821013327724,0.895161005633154,1.59926196969852,1.77548771325178,0.57534892401471,1.32187654883143,0.882672784444945,1.31729619192628,0.896492848213053,0.80321822350384,1.89094699414821,1.41313394756018,2.21344265371719,1.11754584340752,0.864151626082983,0.55036857940144,0.946382242310438,0.495947320027176,0.990308894323731,0.948032977182171,1.90766937733131,1.22816081025916,0.822377885855831,3.55257628694466,0.497527049997332,0.92940209573126,1.00562607208347,0.937075802933216,0.67282263191229,0.86576558481199,0.586435826337483,0.756450895587582,1.33332863864377,1.04384492411309,0.743244447467233,1.1210565090421,0.846079825392084,0.872354368972819,1.36356446045867,0.863392373581472,0.960654725373688,0.825595209611534,1.25595968140656,0.571111396933655,0.930319407163239,0.661736661165766,1.08210232081964,1.62404279109881,0.938159563590151,0.639614824764427,0.707508989451902,1.0670940429269,1.0616284000001,1.48046454504813,0.5508852573382,0.583822007387436,0.798509075951392,0.764697373896692,0.883736371138678,0.521937398295799,1.01057198698586,1.07090494660228,1.25723878124679,0.746872897115585,1.25411645348545,0.629507895496262,0.859021744882214,1.05717724600462,0,0.880234737623718,1.45809051033063,0.630624852829695,0.711782557360355,0.821353337883135,0.980014422401346,0.801370006167545,1.08553346083176,1.76019500453492,1.77519876820187,1.51188996957295,1.45053059059707,1.28987046176221,0.519036767704741,0.981054438438357,0.532543131615783,1.41217786000954,0.960635140994466,0.560731680236443,1.17364720674115,1.27601404779136,1.22866325053729,1.0250725484107,1.32264225663257,0.919580827727944,2.00985350845805,1.05135837053814,0.657681099764573,1.36639768435926,1.26480392849175,1.25073091633785,1.21080159686111,2.06353832951863,0.813452083842217,1.94351395800219,0.688163337048481,1.38151586105235,1.80559010243457,2.07809016084198,1.63627633904264,1.51260535005375,0.950251656835073,0.904726532942475,0.810979458809588,1.38886837908619,0.983288429902373,0.469606333249561,0.754596186142297,1.52545905550848,0.922716875317266,1.45016424531983,0.724563287305657,0.59910084740001,1.07455715956178,0.589270562458144,0.896730895651003,1.01743182030996,1.2015628434842,0.80270320962606,0.814736478956605,1.00184835645133,0.707809155752217,0.725828360322295,0.689743267900538,0.624793298031621,2.61473978429003,1.35380659683567,0.812606361416525,0.520898477850945,1.34531111011996,1.73380958110349,0.708142409636248,0.794662405021014,0.669621118513616,0.760394962412572,0.642655104026621,1.31699000920442,0.656403824562576,0.8289337062318,2.35168314133894,0.992134128785886,0.563987202126158,0.911216498697563,0.80233821508707,1.02124668108903,1.08784090583838,0.817620394778856,1.14746757646701,0.821250401523458,1.11931154740356,0.995648304101729,0.460605895399593,0.693562616159301,1.12708427428295,0.561763150561454,1.43302105789317,0.863953389022797,0.771464102403689,1.25539062157988,0.964914318066416,1.00632746137002,1.04885988127266,1.0069858585129,0.700705630186834,1.20538440043447,0.89260633489411,0.784346441015953
1.53444071088265,1.53605033226921,1.36561059183786,0.970680939822997,1.05797967299617,0.805669855860681,1.00444327660365,1.16800743565581,0.697766527337292,1.26456469208415,1.16220159312039,0.861387176506496,0.846486152045005,1.34661928696122,1.68633161495114,1.80954248805563,0.702660985624345,1.48942505867496,1.04069606775992,1.71531020744587,1.49228134104635,0.947058796846344,1.4725771973166,1.53498940596786,2.29990852417209,1.05358237812444,1.02803933360701,0.849330726721491,1.51445714809609,1.07938696529889,1.11731711756866,0.950727029434113,1.58513586334375,1.04951153511646,0.911709150562753,3.45179050054175,1.11122176978774,1.57484124983067,0.818254383657919,0.815146331310744,0.808188644634332,1.34678320180879,1.10364807949197,0.652076423262232,1.60629048119802,1.55369119089151,0.770956720459692,1.43404718630542,1.0828153680991,1.24344465795806,0.921936032429793,0.993156572789168,0.851159256369806,0.666919912063014,1.38988056084643,0.696902096912071,1.23348791513457,0.800649126048282,1.09630882140542,1.67165623311383,0.922240328144037,1.07607921812694,0.693177392445853,1.25912326562641,1.27747559631103,1.61434623005261,1.18725066488481,1.09485911381828,1.03840326929368,1.34445152851369,1.28892800113315,0.970888965588996,1.03669424246799,1.00280285420596,0.952808744075971,0.943082693890793,1.30820364740919,0.995846058804874,1.08315210718425,1.4430780040905,0.880234737623718,0,1.63493442370605,1.06790398919958,1.11851110832472,1.00360837556522,0.747428024248172,1.13210442568293,0.612182817325972,1.56626176091995,1.60498113605119,1.48601585410721,0.75536397262577,1.35734425834199,1.12799524257389,1.13786506878693,0.996921032658974,1.06713757300399,1.36698143067131,1.11497480666741,1.43823875022119,1.38897863025201,1.67625786801779,1.53445600433959,0.933654931703301,1.65728418896944,1.88050444689603,1.67920554939218,0.982819937199392,1.53100827374939,1.51175886680055,1.29477303202873,1.53418990092462,2.26792217396012,1.0175264937441,1.99051077695864,1.25635086866789,1.30757573345022,2.04010223287719,2.14647258270658,1.68957566215874,1.49715814475654,0.732723371203868,1.29947921888498,1.26078416199502,1.41098001280862,1.41137283009327,0.731754811444511,1.34670317896714,1.77451928042009,0.62444710738826,1.42268740552516,1.31199053386175,1.0893274000471,1.14206658807588,1.0860805415584,0.365921375210214,1.36730483668303,1.29142991415968,1.08997536724577,1.51416740380103,0.972030250759139,1.08941750767413,0.951255493912934,0.948469467367459,0.981508508842002,2.74046982685827,1.81707384380228,1.18953180062966,0.788735964282966,1.40318535264755,1.50978503003958,1.29087346932001,1.22298374458518,1.03867982173375,0.729026097789928,1.07643482265464,1.45625472900861,0.943876216643586,0.613133443912887,2.38863172766219,1.55747234475146,0.604061146911544,1.36756325667719,0.961941596122115,1.44318294412239,1.17635714860328,0.785566187056115,0.604266790083873,1.40903269179715,1.46674529395789,1.49068496846272,0.888156885597752,0.546257054119235,1.42556428274526,0.836373849834874,1.60230562300991,1.00759602350462,1.32942026341745,1.6395574261358,1.05186110003814,1.55297089271463,1.37767270117083,1.39989676482096,0.913543451773007,1.72612920391784,0.911472307440971,0.974298265788973
1.71347762727571,1.71561059413242,1.5216817139192,1.25235983712757,1.35657720933116,1.36727261098715,1.67043757882892,0.878471915143974,1.54333943142177,1.10469510372103,1.57908735967301,1.93491489160649,1.42321420399772,1.30691190684186,1.38910066772682,1.24338256908456,1.53845825004627,1.08730512068567,1.21204204133514,1.91785289069798,1.35249953173638,1.18737736806373,1.724186788293,1.12180831455038,2.13611091820188,1.03822778228013,1.77448156703235,1.66852194249098,1.62858360207023,1.54914968345383,1.48914133828209,1.80001516147979,1.86814651774729,1.52172801880743,1.03972913106305,2.55279649792348,1.44925756843636,1.58425558353881,1.77760888526902,1.53961446530032,1.15835977617746,1.5689000204338,1.43846421692846,1.20648180513944,2.04487268386459,1.13665587983527,1.77644415440914,1.21589895830363,1.19007048977499,0.990729449112882,1.98627407419636,1.60386019325195,1.85620595127752,1.35797703304316,0.961645625395869,1.57839000517246,1.09378145283381,1.63240740493372,1.135137884424,2.25038628253271,1.5128532440715,1.07703301154228,1.22911773502778,1.12944030459703,1.13279643725783,1.09989001455497,1.56932060733132,1.37112320063391,1.25111238515305,1.24413900872318,1.67986178678709,1.38692518594173,1.3266235480086,1.87695322174109,1.60416837644095,1.55615500703351,1.73150810016504,1.31780798392574,1.28709438849367,0.910617736843151,1.45809051033063,1.63493442370605,0,1.09490132657536,1.35954880023464,1.55994780418638,1.60695456309548,1.1732244660962,1.77648902610066,1.41619135238503,1.50055411515108,1.73904998024497,2.04325633209211,1.57791986248636,1.27477300718447,1.16620504228003,1.34421186907699,1.39716630103654,1.08732535681713,1.40082338609154,1.4554855758038,1.16997841449949,1.36590777302037,1.32270290470857,2.1675013468717,1.61784731920924,2.22239084539171,1.73025628016984,1.14295118334752,1.59610817208951,0.939698387104062,1.06317716129687,1.04656965238397,1.42443760599428,1.14035874444734,1.41847855785859,1.3325354078011,0.956908466171064,1.484601960651,0.960275160398199,1.18955538530894,1.2884864181258,1.72101619077984,1.66491282187459,1.76432079554482,1.68698629077436,1.05441051983105,1.53855790539817,1.4947829923926,1.16097560740332,1.72220684053063,1.31679237869523,1.43118880479333,1.32856074928043,1.94110727032709,1.43091102506552,1.60740348545116,1.39532266662482,1.18568636255369,1.24119346386243,1.61400888163122,1.21789222195882,1.64829878121664,1.45918079656871,1.49880344285504,1.4211421117785,1.92998651430442,1.62475071975589,1.67633596500927,1.26495134477535,0.807136140684458,1.84319917462897,1.48425101487263,1.06719069329926,1.43897304730414,1.37006135609855,1.41717650935846,1.08362854169488,1.48749428635035,1.55328545166156,1.72588614097966,1.19915067655396,1.68842803682167,1.7847728866888,1.53341035374408,1.16154907981064,1.91210890824139,1.52372969535077,1.78501587315032,1.4295270738059,1.0204167259561,1.17613413087084,1.37597172175325,1.58479311246083,1.9801217167503,1.79303526492372,1.47075256314836,1.36209487334893,1.23735760924963,1.69541352803659,1.79018710130486,1.45571116531802,1.02241971511388,1.13890689021682,1.46616063280838,1.40836009688815,1.14986044088053,1.61170767846997
1.89819149858784,1.01815505156277,1.51851041909067,0.932028276266373,0.946116001609132,0.904889972005161,0.967699487692533,0.717995805650346,0.878612283135442,0.751747120944971,0.75468656269491,1.28673773772196,0.854277846598276,0.804156404852121,1.54994700387553,1.77236537702757,0.831613749980435,1.36337779502747,0.692814314641394,1.13703073871312,0.905972647724306,0.899969289381152,1.65344814332711,1.26664633935302,2.25482135738423,1.07627573443677,0.886999946147238,0.839316259635383,1.02073974248825,0.819052129571578,0.974739162216246,1.01969567352,1.84778000468741,1.11504557392873,0.767918014216432,3.38198499514736,0.566942693804102,1.06499785165325,0.977574020286935,0.851675596574375,0.718040235321944,0.875676913612202,0.746427402442555,0.753548627332065,1.3664445092558,1.04419835815303,0.950659027964932,1.10618762941971,0.605226917780961,0.748159209675081,1.45088594965677,0.863043542900269,1.1582983259505,0.94890188218931,1.02538163590315,0.840274985008043,0.89868933867698,0.763806703064087,1.01175443822264,1.67866161773298,0.83887711441338,0.625319921505092,0.809202865239739,1.07522783910642,1.07210332810755,1.40098927262868,0.816901563837494,0.810331201818094,0.881311525984065,0.859856713316016,0.897850246195943,0.667087464575077,1.01850643383716,1.13781129402299,1.41450929866936,0.88099135643564,1.05294028451246,0.778142113613018,0.810791423920256,0.831565362946271,0.630624852829695,1.06790398919958,1.09490132657536,0,0.762040074728515,0.98989049221745,1.06421776848568,0.843608220963267,1.28831534937108,1.71407544759217,1.75041598854757,1.49833509962048,1.48982474663643,1.40992519904576,0.721597519777653,0.936694455350892,0.648365183883151,1.36003713731346,0.762974775926216,0.823465046146793,1.32819704338302,1.22410893199186,1.27308264474967,1.07929197362184,1.40171980423736,1.05170387218811,1.99284565314146,1.04501684622658,0.680318246133113,1.44789866026049,1.12253235409256,1.00021354343771,1.12693189510958,1.90978193374607,0.848985570734346,1.92140597924212,0.795884190451462,1.29425461749317,1.75815214089376,1.75470627752077,1.60005657528577,1.36983542172621,1.10718876336459,1.02332012501332,0.902532030727685,1.46121253418907,0.775320040664164,0.783479427090199,0.970053568753645,1.5158008887139,1.18683126045716,1.41260552675602,0.915456220010408,0.714789368001029,1.09870058117259,0.871116132376114,1.04973073396775,0.949219469022501,1.22354018974628,0.767508528122661,0.955168291875751,1.11108131385007,0.921053896790809,0.903309050635741,0.874122418612438,0.678637847320937,2.41180378592217,1.42117357274789,0.868508157946305,0.642365154482874,1.14853351527005,1.74949953381543,0.889993368228245,0.740511610118219,0.825824766093357,0.77063417690815,0.569324505449224,1.28143867921263,0.802407586964073,1.01020426441419,2.25039279250012,0.920126452553154,0.909561206349888,1.02774046740467,0.949740789944702,0.856051190833373,1.09707915282707,1.05862009958175,1.19770950494766,1.02487977046307,1.07041470968648,1.03268525303497,0.710187338266567,0.891138858396875,1.20649416765355,0.96737806854349,1.42918065649013,1.04133011953215,0.815637583374149,1.17177654992397,0.936582150462238,1.12454460608228,0.805125950756123,0.969747493657534,0.675946088632778,1.22853544303204,0.919751065450061,1.01462701526802
1.88751354934764,0.695923713392222,1.73300630497621,0.752253637647729,0.889203710320814,0.937660754738833,0.614571910903551,1.07690840317653,0.819586711430034,0.650131455071048,0.587168014331563,1.07372940443328,0.775739076780916,0.855230131439401,1.80357936238339,1.85264025332878,0.664996343177188,1.39306142063895,0.973189851644366,1.44597828717184,0.653947504717242,0.746613692329768,1.72870779633648,1.46309068047758,2.26280274890855,1.05772185727668,0.803193745371951,0.736483299867734,0.756668503523083,0.621097700788254,1.25710614572514,1.07048328135569,1.9980435497163,0.855953302070483,1.04306162440368,3.60659468741417,0.657300437223947,0.873399046681305,1.33766364434609,0.952187054406897,0.746337848543772,0.528982460382215,0.365482242807776,1.00498894897619,0.99947348424902,1.16797228757047,0.804102890170784,1.21739209970836,1.00753952678522,0.640428165133134,1.26448085984206,0.958750005054628,0.859970119901512,0.993521736117149,1.23023633353716,0.59649761633802,1.01188017037438,0.925703670507655,1.1018922000117,1.50333097112704,0.670462006292853,0.896865613104444,0.90846193562389,1.01660183499292,1.29117076309643,1.43643233069875,0.956376172041221,0.875844595116114,0.856595802871976,0.901000816103274,0.557216779645602,0.351758028339723,1.41070306902037,0.958820223744106,1.65903797936687,0.693712654103058,1.40600579294812,0.549771878932708,0.850017111765991,0.889908013072381,0.711782557360355,1.11851110832472,1.35954880023464,0.762040074728515,0,1.31445819686337,1.11904181891089,0.63034897907347,1.20208621800842,1.70148272607485,1.78218471676974,1.95598474789339,1.68206193981136,1.4332004888227,0.777924006576539,1.25507285221694,0.445850735040837,1.32425124303406,0.801642904298801,0.968766447075582,1.42659146688752,1.36683180293602,1.32252127733198,0.972019644206178,1.52403620638597,0.812038174466402,2.01876829034559,0.722338664274169,0.793848859442406,1.71277337173682,1.41867329688218,1.47849581184216,1.15408285068519,2.101434047486,0.657176088164424,2.00389082275826,0.754558084690737,1.4546104360376,1.7915732048738,1.83088011718055,1.65881202523592,1.20371034028387,0.946937062460564,0.559290670792934,0.728388314148962,1.25372933613634,1.17589391560473,0.977310772323827,1.10984497274309,1.64145570178596,0.959247377719831,1.55865855964457,0.763582159396042,0.490371797205305,1.41476244793626,0.54047230650947,1.2652328177481,1.33192899698286,1.41414847622024,0.842996938740007,0.769884918471596,1.27495767752798,0.549923989997266,0.898166544668446,0.586761774189124,0.577014868038671,2.68712358860562,1.38840776217067,0.559061715837925,0.580825725635534,1.29866848263873,1.86962342267183,0.566467752669595,0.555875248479972,0.337252116894766,0.972361441733857,0.668241519828357,1.39512645092473,0.595503223603509,0.761144454079224,2.31533869770054,0.82809672512571,0.897837561545375,0.585594778846956,0.746979931226786,0.955028301829762,1.16227906321056,0.851084270143606,1.40581838245285,0.79681830193065,1.18652319451275,0.969997520067356,0.38420628438387,0.826962704110903,0.880659185566374,0.852232486051976,1.76636029286439,0.784570170701462,0.94674063616221,1.20758280406074,1.04055239381918,1.19412952766338,1.06582877359545,0.835538193397896,0.984391911492113,1.38546312403832,1.03874325629343,0.664898657957807
1.79479880334011,1.40594412805576,1.15000237210583,1.07333433845506,1.37095721638142,0.87906394069483,1.15670472481385,0.946686424568175,0.949986233781557,1.19414846533661,1.23140207208182,1.59015221332729,0.899786824637704,1.14152742599622,1.40821884095477,1.73418479299006,1.07531413851517,1.37797355503232,1.01087864149914,1.54898721948616,1.34579459075241,1.09866174940959,1.9007401540923,1.36832065703231,2.23167471765602,1.21385306072607,1.37658219656888,1.09490929834517,1.40296301832508,1.08370940543049,1.04953502113441,1.16565720596988,1.85017593519777,1.64263773454669,0.783946821243725,3.37230295210329,1.08080840437928,1.24922905744853,1.09854119793655,1.29424084740256,0.925429993254019,1.42548046709837,1.2097307666262,0.699324684046313,1.8512743142349,1.08209498348314,1.21208994172079,0.964543960771789,1.03857252677555,1.28795353011325,1.66409164756063,1.08943675033818,1.39569103867887,0.719570051561788,1.21830507902094,1.06261912885078,1.24758451784193,1.01100371787217,1.17268439730148,2.02036607399996,1.36800949334714,0.711054821704522,0.77827855236986,1.23208384235093,0.767324586146861,1.44348489187762,0.701956479780063,0.637047777934321,1.01206194244193,0.95411643320331,1.53881463156305,1.14173765920569,0.721058320941933,1.47972346751114,1.07752803260848,1.09801679427328,1.34725015745158,1.10117781154323,1.28200331373063,1.39252597998401,0.821353337883135,1.00360837556522,1.55994780418638,0.98989049221745,1.31445819686337,0,1.11284789943377,1.23752897277509,1.24132516668346,1.76479127974919,1.64008327456536,0.988962356679812,1.45945243751399,1.01739257467897,0.991588325964872,0.747376928974392,1.12502993463413,1.41416064707805,1.37217135318119,0.591889988110087,0.832096782815708,1.27376853118235,1.06936644496429,1.25827896048635,1.49912147870995,1.42353873528464,2.12230851515234,1.67833218980147,1.01035878921103,0.826103890399044,1.10621975606079,1.05353036007315,1.38214778489701,1.94496643471596,1.18058317606705,1.78172688076165,1.07739374499327,1.43959463296742,1.83006176254241,2.16814795934532,1.74703969782231,1.75585581019122,1.18993636313021,1.52613691595617,1.34406294555727,1.74902374784591,1.14158974991412,0.687462841909456,0.932584556276598,1.43006687493877,1.23536672260151,1.2600122653654,1.06949346467994,1.2052676019632,1.33426359412011,1.07119677582114,0.932484521357895,0.829322387089495,0.937976626465205,1.13861593285351,1.24408336131259,0.960566616846275,1.35842089963656,1.04216540006997,1.14242901000083,1.08617366754349,2.42590289065084,1.50657778798175,1.45848609078488,0.961605743789085,1.54109836823676,1.63369399957419,1.16599344968531,1.16139670308729,1.26019652079636,0.994770981029678,1.06300869343143,1.35590548494672,1.1324433885563,1.25388049824204,2.11430676359493,1.34683746276502,0.974682922270182,1.50744826320244,1.12996432784747,1.08277213828536,1.39156130126472,1.12189051064381,1.17509239098757,1.09140416007185,1.21415248888286,1.11274567027481,1.09015998892072,1.07608871134496,1.65280207186619,1.05521957196477,1.25701852391083,1.15652146388894,0.900773023645738,1.53137603909749,1.30703657328154,0.944619798780097,1.26494485236743,1.26366484582213,0.896455557507598,1.10457160726606,0.750009948005576,1.18550713756463
1.82899284377372,1.4146436536813,1.32143596538502,0.993521184719105,0.956713960783364,0.897332216282176,0.987047875721687,1.05607864920803,1.09183309230174,1.12571698002095,1.13389146482773,1.22015794647732,1.18019827122316,1.07689626325142,1.58727906847272,1.83735703738035,0.989207530728509,1.49518315854743,0.755125688228242,1.37681644939377,1.28306264970559,1.09856381799197,1.57602251468855,1.30782344996381,2.0220935716836,1.26133334312893,1.03710081593036,1.08578798885236,1.20718690145809,1.23197332550258,0.668011305900926,0.978666134888335,1.49650145933903,1.21520613728489,1.04756139543947,3.51269853236947,1.02373553485649,1.41210948839483,0.900275383147615,0.801688946422906,0.993710998192492,1.22665919918693,1.06885309025897,0.894833393070088,1.35915833344034,1.38081183237005,1.03544443785319,1.25544439265335,1.01106140658427,1.14907025359599,0.884814785810374,0.971515934168012,0.908139328493451,0.870444160904745,1.22921596201898,0.918964933123258,1.1786762786744,0.671476928857448,1.11300409130582,1.26156944750139,1.05696053147529,1.0461038467207,0.841585130074691,1.03681631930957,1.22113561509211,1.42983716876835,1.1291143934834,1.11405649231445,0.971620295358091,1.2170772972821,1.24420962719943,1.06166441822699,0.983998617100906,0.804735789277111,1.14545729602769,0.683217680200874,1.18824577751497,1.04419793778974,1.0561302849782,1.40155551674693,0.980014422401346,0.747428024248172,1.60695456309548,1.06421776848568,1.11904181891089,1.11284789943377,0,1.09953820982537,1.17796337994647,1.8170535245961,1.75417882547112,1.50913627937552,1.13853540102456,1.1419908640065,1.23799434861221,1.0126888859283,1.16835382732758,0.875693980006356,1.30855641554037,1.2023604390908,1.57301723490081,1.15239172770954,1.60145680694375,1.47854245625838,0.997733316179149,1.60647752258406,1.47206964904182,1.55299303022575,0.967679466277861,1.57211045146351,1.38544031731847,1.28945470281376,1.31170613957796,2.1618737728888,0.941136866575723,1.98280820641701,1.0704324858914,1.52975425258566,1.90655726020368,2.09921362776179,1.78177023760888,1.28213141707606,1.01388913187573,1.12041258873607,1.03598648556358,1.06302653212316,1.36111041257211,0.766172151531086,1.31413825587865,1.65110831446869,1.07033069569704,1.44944142274311,1.19784594472256,1.06733593084198,1.11327457121422,1.16612202264411,0.886758760938714,1.24077105493803,1.20987484911125,0.786438760670615,1.39017023472961,1.04400999099552,1.21618289174256,0.791984299706854,0.897205586924229,0.75770782223089,2.40339411327969,1.57243575253618,1.16732098399571,0.770919288040217,1.43950151240066,1.20637942133964,1.179484376131,1.12104230727841,1.19947368782243,0.597073444714576,0.856196967776984,1.4887539725301,0.801876312463179,0.773910493198546,2.29761736356759,1.3583426577837,0.749209214684725,1.21886218897422,0.842639869998187,1.36258141766989,0.859197155312698,1.20007084006179,0.836265058061384,1.35349156075868,1.30430513422922,1.34558861067757,0.952026875189453,1.01735683935042,1.22717452564957,1.17102175900349,1.44833835774989,1.06701299495086,1.27719718337505,1.31036893592047,0.942585814985899,1.48071161799783,1.29618713253269,1.30631805355121,0.797607409734308,1.60492158490058,0.949939501963769,0.857011618448749
1.64256183738439,0.884359744040004,1.60882019062589,0.445167920117466,0.939627471727759,0.852551717832683,0.768289187399011,0.936106642316064,0.924328041462359,0.687650798795676,0.782669419325723,1.30952515358079,0.763018834387651,0.844305906906564,1.52697612448274,1.48743415555609,0.838409188435255,0.997916530034205,0.919608067749798,1.51694314792627,0.80186890663764,0.452147330696006,1.74356932879048,1.24351183527414,2.06540777290845,0.941898149223089,1.07471833395259,0.840338206501476,0.870773807585429,0.796391947910917,1.14067611898531,1.13098145180896,1.91608908904893,1.11419111470702,0.810598012777386,3.28546111821268,0.915080534146792,0.900433942655762,1.41583516883172,1.03690397223497,0.768502410110746,0.806067884112073,0.628936966182601,0.999206031381946,1.24229487797124,0.926160375662028,0.986941438265317,1.06265701861675,1.0295554266849,0.561526728965754,1.35592152902202,0.964325164501926,1.0470750041701,0.938703597775526,1.06373369685436,0.842882347895924,0.835236393786838,1.02984279368478,1.05449003111881,1.5977604094915,0.939882381903079,0.775374906676197,0.777895827231074,0.889536537217693,1.03823416754139,1.2338947368966,0.969742366072131,0.853950244684066,0.793853440700191,0.72956548745194,0.943030818894356,0.575833471182385,1.21410202736584,1.15050189528496,1.44232723436941,0.776757622184253,1.40350063818272,0.545281954365426,0.941118293732163,0.979329158698834,0.801370006167545,1.13210442568293,1.1732244660962,0.843608220963267,0.63034897907347,1.23752897277509,1.09953820982537,0,1.30295782431716,1.60417287505304,1.72592611966341,1.83315399563041,1.72974453888249,1.25919102752049,0.658178791048486,1.05897022114266,0.67630577651283,1.20287546007378,0.860507142621209,0.886950843914073,1.3000097633581,1.08679977642129,1.1597956090313,0.904212175960375,1.63840672872817,0.942078938823713,1.91598522506672,1.01528962365922,0.688935071562181,1.55680893849738,1.23561431709369,1.27228982592397,0.804268595965007,1.88698317500793,0.511796759012409,1.65031686644093,0.639708526023443,1.2803544091806,1.64328295687816,1.76319811003097,1.31137082900765,1.22216385146437,0.953713373894895,0.821568123092259,0.997161968996919,1.21019900482525,1.02793693990784,0.951774904751174,1.06966827657735,1.3022348263327,1.06565246333963,1.43987858778665,0.704550348230858,0.680265883206229,1.55538302276426,0.591946695363542,1.26139021156334,1.13033979815076,1.15625369437994,0.788586154599594,0.851857124126503,0.951297719791455,0.85128145588257,0.889099613813397,0.582638616516178,0.70539213260637,2.36762322560636,1.28818787091264,0.955269147312325,0.582505095351799,1.17032380440208,1.70839619500996,0.612396388812074,0.488771846015358,0.654524966267564,0.870074491329066,0.800248193441853,1.130507761336,0.706463333841516,0.822641127824076,2.15792755937325,0.801870146151834,0.963964797095108,0.891737768458763,0.765662354695153,0.906908816043406,1.33375829523236,0.884636435594514,1.43179513173984,0.730914005142924,0.796893889513706,0.815083827534661,0.675678670913933,0.999872677002983,1.15081871543983,1.06912262748095,1.43798466142989,0.521056504425565,0.793340375177807,1.23039493149787,1.15852218440945,1.10344809413191,0.989218396828708,0.804139403524158,0.983556015435535,1.21124756963974,0.850959533466785,0.719393734143783
1.41778401860776,1.66597843982557,1.67714665626381,1.20720239991311,1.4274073888711,1.12291129854968,1.09654063063564,1.34587382753889,0.743320073225637,1.36295232534129,1.30467192252579,0.79199926705366,0.863188558804445,1.57874927241219,1.89992140335686,1.91073527273772,0.784819830050716,1.62257850834459,1.32645305781183,2.04871434681337,1.64632635029468,0.996458389435391,1.46008402165368,1.81198596621166,2.6935010656521,1.01768015470723,1.1810668019552,0.995711984506008,1.75224808698581,1.19025172479769,1.56629678831965,1.15715442598233,1.75229870740263,1.08676296618229,1.08196647933896,3.54512068496769,1.32154498889832,1.75004280552863,1.11712131320124,1.15731510560986,0.848918594864082,1.47498545427706,1.25907562050548,0.86477850510834,1.79116606174524,1.76626915197602,0.866533300783122,1.61237452557692,1.33081505633884,1.40396641467629,1.15857810075841,1.16840179433747,1.05096256283625,0.782378130907391,1.60345841811346,0.716114376804835,1.50205761194503,1.14337872370413,1.19797400900515,2.09554497209942,0.963070664229049,1.35884630973396,0.889309480508356,1.40352967445414,1.51168755374727,1.78389525656949,1.43723400200714,1.24054399885899,1.28954359370863,1.53591856421598,1.40004954801923,1.12802615463058,1.37675730216333,1.28542033805868,1.31078911782739,1.29163290476194,1.56341910554259,1.10542905825717,1.25086159123698,1.54466223664175,1.08553346083176,0.612182817325972,1.77648902610066,1.28831534937108,1.20208621800842,1.24132516668346,1.17796337994647,1.30295782431716,0,1.41505107692231,1.50344548647309,1.79153675899552,1.06085108686785,1.65945879708681,1.27627970263735,1.4232781578735,1.07319029607656,1.26573906205093,1.50225281677737,1.27353566384465,1.52691831948432,1.69473124041271,1.8072598766827,1.66730605716949,1.29011156402563,1.77598067390246,2.34610956294802,1.8178101054849,1.19323900052724,1.74059665810328,1.71384930690085,1.48746466750152,1.73870743019021,2.41347376012835,1.21099118343646,2.07277291981579,1.51809766509139,1.39546823554148,2.08350866496279,2.18553104394519,1.78563331612712,1.65391226644723,0.751772989823656,1.53716428458444,1.48548457577997,1.81263679443881,1.62877670756178,1.1455872985592,1.50254313645517,1.92790285701215,0.625657957280891,1.5241048026549,1.52883218017254,1.26632324539535,1.46640069769531,1.14515597932457,0.675686512353595,1.64743095653259,1.47390976463295,1.45300915822023,1.68000856520009,1.21400901050597,1.10198917162911,1.37480441430814,1.15353493585808,1.2533065911026,3.01967272459254,1.9667879732323,1.32662889103156,1.04908050288913,1.62881244737822,1.79153734460133,1.45090624167236,1.39650917764724,1.07308984856424,1.13475330726943,1.35304645373738,1.58557122060063,1.14815702004073,0.942054461760864,2.38061422969508,1.77893680791837,1.00351263814136,1.51034555443194,1.22590297651039,1.55762675963041,1.51953993836175,0.692551041830727,0.923492095077434,1.51506413572406,1.64663277168574,1.60833526564292,1.01829607791323,0.53718770060716,1.61448753303152,0.872732391148521,1.89175924441808,1.03751602295834,1.5365577592261,1.85761140167796,1.31471460351197,1.67067950325908,1.56897897468967,1.58963472218108,1.19572283580621,1.92864307711838,1.07078392867739,1.23456748488043
0.912976970904395,2.13978200567154,1.60880530608402,1.57545329277854,1.6732277277075,1.53715381158929,1.92300752910298,1.44344947857821,1.5069995181896,1.54121412086842,1.99992549220567,1.82980027950725,1.46760495450668,2.04288886078681,1.49739096145009,1.34272447796249,1.65827035757238,1.26763774288275,1.70693173488234,2.56347647872134,1.84558402786159,1.34141577077412,1.55547870546524,1.44655677942042,2.50096651847704,0.888487026068485,2.09038646095367,1.9216230725027,2.17047439027488,1.75280332229535,2.04847703029614,2.12085159069933,1.61117035654308,1.62663638798372,1.30363910350205,2.5450577729004,1.87575258634973,2.1603973050163,2.01024946630422,1.89812394504019,1.29132114162771,1.94335860960966,1.7433749126761,1.41473729465893,2.51275418650568,1.73125660525045,1.94778705669663,1.48712733978428,1.82413781991426,1.48918343830597,2.06496378103997,1.90995305078163,2.04138805445066,1.32429041302105,1.48267416935182,1.61305120015769,1.5104542128996,1.89151834407117,0.999676178337638,2.69611144679953,1.69654068381487,1.67683933904362,1.3928076207788,1.3041771764956,1.50701717122,1.46731550846152,2.00590536873841,1.6337663377141,1.38351438803874,1.72555681988573,2.01761177236239,1.75869655782722,1.69010423617503,2.16443950906041,1.74525079232438,1.92534508263334,2.21733577870853,1.52387776612037,1.56247901418261,1.33819633603371,1.76019500453492,1.56626176091995,1.41619135238503,1.71407544759217,1.70148272607485,1.76479127974919,1.8170535245961,1.60417287505304,1.41505107692231,0,0.573165429295488,1.89570588561941,2.04431999080094,1.80216866628101,1.73201070933795,1.46642925729817,1.64967252546628,1.45705017265873,1.46211269148396,1.76097664681073,1.54461904627829,1.59302774240661,1.7254663679115,1.62156553171973,2.36112975653122,2.09762316000927,2.63467816560748,2.29326681194128,1.64350278326386,1.74734550648601,1.45345921817315,1.54747029118416,1.65230296276756,1.77063544799351,1.39803130512708,1.42443237650568,1.87227400864245,1.02470226218436,1.37900706747622,1.56627855278002,1.39420201999698,1.35685861768067,1.79831066401888,2.10352254031043,2.21369476979465,2.09848572335155,1.66882046538316,1.83217003344517,1.79962658550205,1.60124964227436,1.57962708981458,1.21927011702663,1.82348577534828,1.58597424184002,2.28235867265595,1.62553386628493,1.55809916270823,2.0326994270835,1.35718154151722,1.89127866848291,2.16857511028076,1.41555568504915,1.81563236359501,1.79779780472248,1.86803068394455,1.84674572935626,2.47993559348681,2.00794686277934,2.08831213637682,1.57897450337412,1.56262543843851,2.00459294472317,1.94978258471947,1.66019952902565,1.6900432425209,1.76645452876435,1.92018452514147,1.24966065522794,1.85890262284251,1.68844678790083,1.46771465319132,1.99536302160449,1.92956255878702,2.19932268705876,1.97150864607308,1.54091879542453,2.31357213610109,1.46346853312055,1.80334970309894,1.76691104631985,1.64591505713897,1.61068423255439,1.59770028641023,1.60259835644657,2.4142115516358,1.87925326635018,1.89310039816495,1.40815499042942,1.71303558132904,2.15321240325687,2.22049272604081,1.78456344684517,1.47614829583518,1.56949490328515,1.91058326461654,1.89862157556421,1.26633054246298,1.93616417653855
1.10752787088,2.18086743417124,1.34397216255867,1.65426308177127,1.72019051148992,1.5518322523523,1.94467543831817,1.41956460977969,1.57853393089278,1.55733773393753,2.05754756355019,1.96604785738644,1.55646349536989,2.01517070656212,1.31654293924315,1.37924776554481,1.72806567156198,1.30562417443071,1.63625221398339,2.50803205777171,1.8404711763272,1.46168678512791,1.63960094398377,1.35793170962615,2.36712911049371,0.984364329178357,2.1561669484444,1.99949880903075,2.16614368987201,1.80921080040325,1.96226225543471,2.13635418016929,1.45809962535276,1.77596096856184,1.33833937760618,2.53613047884804,1.88742976738929,2.14467533100838,2.01114964650016,1.94325655428213,1.35879788762271,2.01671728951738,1.78923130418941,1.39821317622778,2.56242178085832,1.66995218878978,2.03713770154613,1.35350156589685,1.76417594144114,1.55740890944565,2.11731554746288,1.92576306268433,2.09827821390156,1.29194824649122,1.41058752745202,1.67450412404752,1.57485112600519,1.90695357996693,0.968454917017301,2.71478197685425,1.80082431353419,1.6299251930925,1.37891195076597,1.24542403840961,1.39106997309269,1.32044627737238,1.96262270203374,1.57558683789328,1.36469851292032,1.67100355959761,2.10361698369776,1.83406304186118,1.57257523163678,2.1962415490388,1.71423920729942,1.92721903423744,2.20797557420002,1.57861914146751,1.55447341942759,1.39174658726477,1.77519876820187,1.60498113605119,1.50055411515108,1.75041598854757,1.78218471676974,1.64008327456536,1.75417882547112,1.72592611966341,1.50344548647309,0.573165429295488,0,1.70095200965947,2.0664279879068,1.63055555740988,1.82601417425008,1.33499461289577,1.72852649667057,1.36169849770871,1.51890287409458,1.73644252510147,1.3998854916893,1.5191743038042,1.60193473525054,1.57505637541691,2.39079927162317,2.12782365584663,2.5660674842429,2.35464503235247,1.68661222067508,1.54344613254228,1.27645988071577,1.49168477928254,1.62243806803598,1.60323631774459,1.45438642087851,1.30624486002193,1.84914365313983,1.15614093857633,1.22557313780944,1.61264532287288,1.52695160061421,1.3900551774305,1.87920159665005,2.15577205822706,2.22940602744469,2.09918956804972,1.62151204409985,1.80613622513357,1.72416971559369,1.50757122418134,1.65127164151612,0.936602389767131,1.81838918300992,1.64877868589438,2.29025354464792,1.6915240362248,1.58416788290394,1.94242927718937,1.14883848134245,1.87857626957045,2.1774119059695,1.45787575872894,1.89158263613302,1.78170353514917,1.91640413988883,1.8612847428684,2.32593830032346,1.86458869162108,2.17122739735074,1.62538835493609,1.59077811317171,1.80652055564434,1.97227520707136,1.69326320137595,1.78672387093648,1.7790929274965,1.93031263857045,1.20339194237431,1.86223185077537,1.77794486767338,1.16229247048218,1.99572279451723,1.95577116704072,2.2464158744837,1.98681447016821,1.50373138879069,2.2899076066874,1.57644293732366,1.79323954357869,1.76385212557556,1.65595519684963,1.55163854419468,1.64653662822898,1.68903747492175,2.45358644440773,1.94315516501926,1.8252983690826,1.50624748895036,1.69516665509065,2.13276027255575,2.2446109569403,1.66709036993332,1.49552247802451,1.56441169258788,1.88043165122675,1.7680877839648,1.23505405551155,1.9539465797154
2.04877991607153,2.10461506187898,0.937752850852602,1.69768841812077,1.6385642031322,1.33846343518151,1.94728309817389,1.37726176668857,1.616984036933,1.7697030704689,1.88204341304868,2.12517842679327,1.61905265241162,1.81620772169207,1.24400551064621,1.7804239441871,1.76912418984922,1.57569803975069,1.45049465713068,1.91317024251781,1.8899527494592,1.74295025830565,2.19887336361699,1.30329839697668,2.02975861099272,1.58976793297214,1.94832730706977,1.81400650787305,2.01662750404197,1.74781210366444,1.41755529358428,1.79783926476739,1.80465708238186,2.09810673339727,1.3506362506959,3.06662853779705,1.66129485513506,1.98416993525486,1.45519721136106,1.67234741544759,1.50508504135912,2.06716857750664,1.85330467374457,1.26289848657027,2.46663355607586,1.50513290976879,1.91664472577974,1.29494663326443,1.53132403649887,1.70862524671081,2.09814490555509,1.70797341828345,2.0284152416558,1.37644584500365,1.47726742337703,1.74555292622361,1.57289662191589,1.53268439326835,1.36152364438519,2.35582023120834,1.94021374045748,1.28659821463145,1.38947739612366,1.59896719293743,1.13052753513429,1.59167186862584,1.43746142086651,1.39211175586755,1.36037288058576,1.60029091409957,2.09179505584599,1.81348850777755,0.899122097189247,1.99293454573534,1.16829700592431,1.68841341172278,1.62841870779281,1.78442044841101,1.74716088074571,1.7322129045726,1.51188996957295,1.48601585410721,1.73904998024497,1.49833509962048,1.95598474789339,0.988962356679812,1.50913627937552,1.83315399563041,1.79153675899552,1.89570588561941,1.70095200965947,0,1.74288276352494,1.28720546644917,1.68235446142098,0.977258447665914,1.80938287914391,1.72405731847545,1.76427778417478,1.37832771992583,1.27853259155045,1.29021708884947,1.51974577660257,1.78183974777186,1.90590863980243,2.09339189374863,2.02532384280234,2.28390479296787,1.5817550890251,0.867915387921081,1.19546581227962,1.2058731571818,1.79532174620663,1.93782406323178,1.691894736547,1.83209282026717,1.67524013007826,1.6114647815483,1.98269273308879,2.35454586635377,1.98398999372444,1.94060344801634,1.94106392457293,2.11794657126156,1.99096811320074,1.97497772219149,1.47842653277774,1.32773399806453,1.50999111918599,1.62917810717392,1.83463876016168,1.41029027606866,1.66149535794501,1.72036535544913,1.66745293279487,1.79038875171855,1.32714657345515,1.29700089859671,1.13203785806683,1.62583174979378,1.97518682625923,1.32216767878306,2.03525378756802,1.45030828672854,1.87673826995713,1.6992201056659,2.15119833749888,1.97289457817126,2.09028206795948,1.57879755370221,1.69288517190234,1.8278663938769,1.90558827673821,1.77666281373562,1.95629058281776,1.41946243894456,1.68132861296676,1.65124794695196,1.83407458872875,1.77675725304524,2.08222746839944,1.95069288854936,1.60525974583341,2.20558776397316,1.86346870051254,1.54992799646771,1.89597104856672,1.83335765053801,1.45868757421801,1.78330250953353,1.70785546837676,1.68227485364289,1.70517822559648,1.72807562248024,2.30001661531121,1.7722376429379,1.38715961231071,1.80250306759164,1.38981718304096,2.01596542275892,1.84950988395803,1.5187326374599,1.5423869015917,1.69207707736352,1.47961219628635,1.46041485295384,1.31357660440705,1.86489889835783
1.98311075793631,2.10671648425031,1.70050382440348,1.61434807759931,1.52987137078901,1.46453839812664,1.54651302009785,1.62260942727606,1.31375870527412,1.78236406813085,1.66506358671205,1.11598291097161,1.49012467083325,1.7949203497946,2.10993595523807,2.25587840095367,1.26952752087225,2.05918802063319,1.45282967125865,1.95897610777305,2.08464926180346,1.57322325606683,1.61182744105719,2.03145980166935,2.70779807761908,1.59130158567521,1.3327644725924,1.36906709824117,2.0410010955043,1.71217774140079,1.45603952811585,1.27483895782072,1.79694576221612,1.34801182836488,1.43624484243197,3.64981819777566,1.59027703240203,2.14994390327945,0.860443653385846,1.07844236575891,1.3984326237991,1.86391563273988,1.68241545255731,1.11631844609123,1.91517599085062,2.12463908247603,1.16621235445061,2.01325529067473,1.43381120929731,1.82315946239564,1.09115376146053,1.44076919358989,1.21440302381125,1.274674681223,1.84187476413849,1.28205795439254,1.76421390668161,1.19921249350481,1.62911436863921,1.88796710257426,1.28578954517724,1.6121773500056,1.23697112172089,1.84979701615082,1.79168654113002,2.07710381343328,1.72657308374308,1.71047555718324,1.67650405413906,1.94115826078099,1.71826785858652,1.54292328952939,1.36103459272847,1.25867149154184,1.19239737631757,1.46866157407737,1.50046633681775,1.61740509772405,1.55184004197368,1.96870519521724,1.45053059059707,0.75536397262577,2.04325633209211,1.48982474663643,1.68206193981136,1.45945243751399,1.13853540102456,1.72974453888249,1.06085108686785,2.04431999080094,2.0664279879068,1.74288276352494,0,1.88105291694373,1.69215846133167,1.6359451789765,1.58107310679562,1.44421038328311,1.88150804751345,1.69791795253918,2.00315593648332,1.90954676456671,2.27011402615895,2.15255779273017,0.725383301348063,2.24732713321259,2.09747449123221,2.15909324414099,1.45818000978048,1.97488017117593,1.96619405447608,1.61627570337644,2.05222970800787,2.65328678226149,1.63838881627213,2.43841089783084,1.83247811941724,1.7488707465492,2.58604514294559,2.51110153778327,2.15732597957742,1.95389726875414,1.17080003718877,1.7933182981564,1.64931559835578,1.81362719842978,1.86941796228453,1.2600060536117,1.91588210514995,2.25111712390744,1.19859229566513,1.8776200841758,1.96210971891745,1.68328303190833,1.17314691968369,1.76202043299611,0.754657376834864,1.8019197510685,1.78755969827962,1.52646725739753,2.07718928801282,1.48355740890298,1.62055885114883,1.5023299741538,1.49944491840672,1.47439691730865,3.07348760348808,2.36644130491129,1.58732588511375,1.38462186937932,1.78703219003167,1.74682275345627,1.88558816974796,1.79062068805399,1.62773995839219,1.15069573035423,1.50704342144785,1.96758470939594,1.46445505045584,1.16893753799671,2.84289803297187,2.10170962838662,1.11045275091829,1.82462093611873,1.47520043583353,2.0065455163205,1.34023994696008,1.39787337935507,0.635533604617873,2.07103991399708,1.98179131687311,2.11713468744355,1.4976974759923,1.04849161716704,1.74726891819683,1.34873087713189,1.9800501974668,1.67769233031875,1.93000669604668,2.07169106392521,1.25884855921987,2.15358580840119,1.87337489602891,1.97823781850692,1.28994045198798,2.29239193167105,1.48508950085397,1.52901154034527
1.86463889702917,1.53873999548313,0.942072014326077,1.0459314985691,1.30265673221192,1.02089513448017,1.34117000198095,1.23115785699465,1.37907551097004,1.28701056866284,1.501633858884,1.8631086736614,1.34196502982923,1.23024043651942,1.36038918174583,1.60001743646389,1.4665714229475,1.25134262934024,1.16784561157622,1.75883206180058,1.30324440965345,1.23931592762895,1.92915224424846,0.979322788392994,1.55146777505723,1.30485250332881,1.71253637913557,1.52602197876551,1.36808572962744,1.39014031114034,1.11049774538195,1.52421162893173,1.71020372987871,1.72559652271213,1.19551452530627,3.21783407588012,1.46629514434722,1.29845585725818,1.68134917992907,1.4885310057405,1.26389839677047,1.49754075223629,1.36656852262286,1.20308955297666,1.86710843880773,0.980891601558344,1.65002451823843,0.723271246743107,1.41527443105944,1.24253275240173,1.67336885381521,1.35243540113075,1.5482251590652,0.985510189388828,0.971119290441025,1.41905160476706,1.24423758281396,1.39712837859401,1.23667203333038,1.82466952107503,1.61399820618181,0.950924981742784,1.11631961581365,1.00783745849148,0.755691759796115,1.05725693612756,1.1381692888127,1.05073637392767,0.941052430414592,1.06850485935813,1.73759051727457,1.37890014233198,1.0464967450378,1.58325079025743,1.34917543265448,1.09843979604366,1.66361944111638,1.24393374051507,1.44649715455465,1.47606693881896,1.28987046176221,1.35734425834199,1.57791986248636,1.40992519904576,1.4332004888227,1.01739257467897,1.1419908640065,1.25919102752049,1.65945879708681,1.80216866628101,1.63055555740988,1.28720546644917,1.88105291694373,0,1.37520546947093,0.757994833782619,1.46515414014783,1.15256614262976,1.44602337353473,1.10392467568744,0.965931096814646,0.908412472264692,0.968964701774276,1.20844732312911,1.89211410431717,1.57418123713407,1.67547513787417,1.80726409938979,1.27877486480661,0.932798699270974,1.10768494227275,1.3895605173352,1.23295035967001,1.70917707710864,1.08637243877359,1.55443991121156,1.1445519353534,1.56194282529682,1.65617997223565,2.01222161237365,1.74198943791343,1.39523333579002,1.51252374930694,1.48012563487891,1.58006075438229,1.2936309580791,1.47238763625946,1.14055199821285,1.33730497821513,1.29070762980847,1.50323589738138,1.20264320698774,1.09701328616227,1.35085372001473,1.89237534817056,1.25735889346306,1.4635892850935,1.11915669903604,0.936248082193199,1.17874976483538,1.39321459827419,1.15764262778116,1.66305065031645,1.0092644252686,1.24893669026918,1.25103833316334,1.97886000087036,1.46657043020792,1.71896279161373,1.1380693640888,1.52964176207239,1.44142501700716,1.25464894533793,1.12528443199826,1.47937335159175,1.18228661599747,1.31778360097856,1.28479546245571,1.32348538683487,1.30316556188734,1.81496694127374,1.31619099634759,1.33969879958848,1.61951670178949,1.20328906960508,1.13241915607107,1.61209017153167,1.41414096712709,1.56068303639763,1.11383588799734,1.21699819257267,1.01011613692137,1.302031405397,1.54889054815285,1.7746569036805,1.60168606351468,1.30725264365533,1.22266136815507,1.03650910274462,1.47540453530831,1.64564477022495,1.13883168443345,1.45859557516434,1.04776558055305,1.30810166571023,1.01188607124111,0.909861694790389,1.13309167340624
1.84094454522243,0.853295913983028,1.61693233185405,0.650031588471526,1.08335619296517,0.731659176956309,0.862317403432356,0.942600129873229,0.761182184887672,0.83521773892616,0.809099452358219,1.38967081881775,0.632580343051858,0.890301022989103,1.63867093839822,1.58547807824374,0.724853924889156,1.18263742472934,1.00623053965196,1.49366708170079,0.905984194123548,0.699308911392687,1.97058544387439,1.43249349579454,2.25776474207555,1.0761520868198,1.11697378827745,0.749975089604256,1.00902239310293,0.643717079934751,1.12218791247097,1.1563366135429,2.0494245090105,1.32937994292823,0.806901789070197,3.37778853936098,0.734635728794147,0.830022093566808,1.28982273549521,1.1815667880738,0.699152491432208,0.914824079887005,0.724957430248908,0.883776791098243,1.46575856060698,0.922547827291353,0.960685205427835,1.12207791786407,0.962207073680731,0.830769163721397,1.57217328627096,1.03515687936152,1.18715053656361,0.949974211100679,1.24524419089488,0.839729533189236,0.863193486737733,0.980834520869135,1.22161988543804,1.82450809754621,1.09709732184347,0.669882618249736,0.808092857091931,1.05361847348808,0.992736589124661,1.45500132408189,0.675748439008966,0.64714345979248,0.944702254992665,0.69065408233024,1.05936823736767,0.608725401033342,1.15614261781519,1.34095201794471,1.32334773318849,0.937002999120517,1.44411936540928,0.624528003639187,0.955043053717017,1.03434624022319,0.519036767704741,1.12799524257389,1.27477300718447,0.721597519777653,0.777924006576539,0.991588325964872,1.23799434861221,0.658178791048486,1.27627970263735,1.73201070933795,1.82601417425008,1.68235446142098,1.69215846133167,1.37520546947093,0,1.06094065095928,0.587251737464041,1.51611820284729,0.96321984342009,0.537620666545376,1.13680391483014,1.28770456160717,1.16849213880333,0.990118980863796,1.60874152326863,0.838372881864572,2.20306782761436,1.07987162193717,0.587509654743283,1.43991239586603,1.23373956059537,1.24372028509939,1.09850611091512,1.97491427040432,0.810704131798016,1.8180667281994,0.655176277863867,1.27628439118731,1.70979924863714,1.94165459179522,1.36071377840344,1.57145993916215,1.06566741786376,1.03432962345325,1.01543854219782,1.52224855198659,0.923357670726519,0.745322804112621,0.747408522166374,1.32950209620633,1.0797880608011,1.48031955391154,0.741100821980193,0.739718954305746,1.3863813089167,0.582752422713941,1.15334328796981,1.05589997403634,1.21245893863677,0.866003053790883,0.768947849469748,0.919510896381718,0.833359513445569,0.918454632081006,0.767642397629678,0.806793588930505,2.51008969418939,1.27982699412071,0.983143822940242,0.612003368908971,1.28884963535231,1.80882084015677,0.670949979673862,0.711039201455514,0.71880406110422,0.974252642929738,0.818363079738839,1.20998229774122,0.804522912941252,1.01778888384409,2.30838248276275,0.844711319342666,0.879809131528705,1.03466132913829,0.879093126618939,1.01840827817382,1.35617735988821,0.82053602355916,1.41447631769211,0.717683047731072,0.895873159494958,0.862482311582194,0.675726459934697,0.916400417076586,1.29657440931738,0.834490385147804,1.34447802156338,0.834784133113982,0.720397547528465,1.28611729258353,1.2210074411397,0.965631265318035,0.967484322809873,0.955824057266633,0.912947419303285,1.13539287249935,0.930533552273169,0.913246265101662
1.62345293093691,1.41909891479428,0.830989812720762,0.940854150310037,1.06838939673101,0.808398946960907,1.28577039393815,0.767682998632292,1.09816373311926,1.00308175103201,1.30357980695491,1.65309774779149,1.07240453106461,1.11141670599793,0.938089407944741,1.32721574407241,1.21725397832725,0.981786855553251,0.811997427198981,1.47717267335462,1.17712440990295,0.980468681267137,1.65043481143371,0.693028082034185,1.74494682865193,0.947109388259896,1.47484245109156,1.31207689737103,1.33515271281018,1.16776257988751,0.902852297493728,1.36734070136363,1.41225218293844,1.5150605556344,0.737194699289875,2.91862616570423,1.13514972707965,1.30047457142272,1.30411925741436,1.23441775935269,0.903953863176632,1.31005837731157,1.16385955980474,0.834431599865763,1.8392547083993,0.803598193281512,1.44422839194444,0.534375307317087,1.01012839187563,0.952679012144605,1.64369489748117,1.11495835405281,1.48783325238026,0.781149324188235,0.688215183288451,1.20288891061246,0.816071025562695,1.08493995034804,0.829231876816913,1.88907829176515,1.34441194675352,0.656293270895847,0.7803947393484,0.761774867234754,0.476903349215815,0.915182149883425,0.981167415210835,0.831919643043171,0.701122207492553,0.847950874905876,1.50504376910762,1.16843795081128,0.646021276784436,1.50258064042606,1.09839743687864,1.08768824921007,1.3635753118851,0.974865502017925,1.03549791959982,1.06118065427073,0.981054438438357,1.13786506878693,1.16620504228003,0.936694455350892,1.25507285221694,0.747376928974392,1.0126888859283,1.05897022114266,1.4232781578735,1.46642925729817,1.33499461289577,0.977258447665914,1.6359451789765,0.757994833782619,1.06094065095928,0,1.18080034645191,1.07275841316768,1.02433553979618,0.879747768011091,0.875742379485825,0.751447862713826,0.930273574346661,1.03430566357759,1.70599714060034,1.43630966490286,1.81566097607035,1.64778046641682,0.913859204939162,0.857060589139827,0.660407533429151,0.846491380374564,0.958339488435288,1.43665373760509,0.851446542758639,1.34758835546028,0.966712294805514,1.1489902594741,1.32305465944621,1.74940373167321,1.41695236258622,1.23296104764979,1.3802370607129,1.43988405753402,1.42107254723373,1.4136128664307,0.929923164532082,0.886023942280907,0.989845828257488,1.03733603420563,1.35320253627843,0.915605142479256,1.0131061051854,1.05165813397024,1.52221884254748,1.12397604783627,1.12812818462992,0.880689766150354,0.595835338702756,0.963767420762666,1.31901193466316,0.833181286789583,1.42368119429052,0.888560090252307,1.17163417725975,1.0641198250668,1.80767207904325,1.30599659667153,1.51760290024112,0.857015141239508,1.18735442742671,1.32464823702358,1.18657971185928,0.973197560073608,1.29911815394474,0.927237458736239,1.04987604344953,0.891340415142911,1.16556617033127,1.21010788138253,1.68950198683339,1.20050274080062,1.18551675475381,1.53133219484005,1.2082713693214,0.838579655512432,1.42508188306993,1.2388969068661,1.26426995349173,1.07670421897946,0.94663861236072,0.872208485124118,1.07104118044611,1.26998563016652,1.70934830676879,1.38293926135335,0.930806878864453,1.07008460266774,0.771988075055214,1.23977811348692,1.4293361733137,0.977006027394193,0.968095745672289,0.902744399290007,0.984272860964692,0.848770497738735,0.650140145598927,1.19266005177006
1.77828330211204,0.802453115153791,1.68989970028498,0.736615141303881,0.954476897526967,0.793391883200256,0.665874816945337,1.04801794407634,0.612390262159533,0.785315139132097,0.598335139412593,1.07185863987992,0.500955264432961,0.960863854893994,1.73750926395815,1.8258833209556,0.447538187686059,1.35382970552933,0.959051436957254,1.48895498680415,0.821910353441784,0.691777278530517,1.75565584758685,1.48648618075788,2.32607564750691,1.02257703087398,0.85479769453918,0.554781051947797,0.967181775746135,0.430450472385137,1.24904072941859,1.01421242598055,1.98895347933657,0.985464939885814,0.892350505295362,3.55135998156093,0.63900345887719,0.925554018343009,1.23659855241979,0.976264238531831,0.654764656044655,0.745946463876312,0.475446820344836,0.873058439143094,1.27885482873014,1.15572365695683,0.722931920186442,1.2399020138024,0.882030967494126,0.743133994589631,1.34173962818895,0.908647354383187,0.966531550809393,0.90882239495115,1.25833795686826,0.56875058823443,0.978257327899077,0.911701953338277,1.09992834238848,1.71376046846482,0.740830302621132,0.774754840334814,0.824643127433522,1.10415708998127,1.20895367463215,1.53913827032355,0.83234235069088,0.724642103341679,0.874029693249114,0.835193445739826,0.736526130334998,0.272719353965146,1.31771338267509,1.12427217257933,1.51791389773641,0.827987500979979,1.35223584079882,0.504539703450343,0.768022811813233,0.931285021366933,0.532543131615783,0.996921032658974,1.34421186907699,0.648365183883151,0.445850735040837,1.12502993463413,1.16835382732758,0.67630577651283,1.07319029607656,1.64967252546628,1.72852649667057,1.80938287914391,1.58107310679562,1.46515414014783,0.587251737464041,1.18080034645191,0,1.39732340407536,0.852473262840048,0.776203107416995,1.2834499585862,1.36845827664385,1.28526154115288,0.954986835742994,1.50669276424671,0.8100211931779,2.13459411049869,0.88111643274082,0.775669786963451,1.58883019484861,1.36924434820474,1.35679845206419,1.20819608734546,2.10591355597964,0.740634141815041,1.97423912541582,0.704501372444999,1.34526835914888,1.77263921010698,1.88601884877328,1.5186741864107,1.43173252740964,0.886339562885461,0.822512525765278,0.893579928764856,1.45911636215167,0.996201537977695,0.805974176616294,0.894148883376349,1.63000332064221,0.804407008604798,1.43563974004665,0.747934989398723,0.56014146048769,1.36445126527248,0.486849718620466,1.09310269878895,1.19413463833457,1.33387544420661,0.930128672953747,0.802248552588038,1.17723076214774,0.441770405329481,0.884751126770851,0.662890232956252,0.709678486346249,2.70743099936345,1.32837803290518,0.711358983965328,0.564070994446373,1.25770538825453,1.83701926704341,0.660675191397605,0.677464844174333,0.308229391469636,0.955162689292654,0.773313121796046,1.31583966949945,0.632373207850571,0.804970258591521,2.32581385052028,0.911230980314298,0.795750548282332,0.826232399295919,0.798407890853942,0.951327206596058,1.27166070009961,0.679229681805146,1.34058352819914,0.806339490003253,1.17500622681182,0.989029169835714,0.453440075068609,0.667305644835501,1.10383090266127,0.644686226559939,1.67415147986782,0.793946752067536,0.847080743873656,1.32325556679545,1.07083489573173,1.07791004916801,0.975050081587247,0.933945579143312,0.907854047721446,1.31280813135336,0.979835262504894,0.798160041735008
1.49135196589664,1.76918952391004,1.24744218021482,1.09780181710222,1.23617696386313,1.22468932394393,1.27068847993765,1.1420466908585,1.33090489116018,1.2004285748504,1.4928960733756,1.44122291260488,1.38172724776801,1.30755670049155,1.51364429458388,1.5560552999014,1.29013779294146,1.35757503954929,0.967301245849978,1.84377809624152,1.50763679747749,1.06547485110735,1.22274924283672,1.21607420853007,1.99446155139359,0.971491920233418,1.4990210088586,1.46263169642444,1.59116448497899,1.54893291746259,1.15195871269374,1.34561712977563,1.28320042994365,1.23263407897732,1.11858473495887,3.05112859241867,1.52978931297512,1.67756772256095,1.46494955266131,1.15612911993608,1.08584287741119,1.51030893246101,1.36658756634803,1.05780226298395,1.72235900139303,1.47092029758202,1.45249746845286,1.24365593156446,1.17989066005983,1.17505534770439,1.18210608695652,1.21213440949798,1.27536249573605,0.901054716795742,0.966112157625214,1.24558763379997,1.30697901231776,1.34691628996669,1.07038833735363,1.79360106986645,1.22706685769227,1.23810296928789,0.945082666966206,0.93759869996699,1.233840506378,1.16063910042022,1.59145472050377,1.39886674784718,1.16540056760641,1.38408198938973,1.62323965860444,1.33865653198725,1.21742103612163,1.30396437850935,1.32789781329904,1.18188026610611,1.50691791630398,1.15882892719703,1.18435629254609,1.42964601571821,1.41217786000954,1.06713757300399,1.39716630103654,1.36003713731346,1.32425124303406,1.41416064707805,0.875693980006356,1.20287546007378,1.26573906205093,1.45705017265873,1.36169849770871,1.72405731847545,1.44421038328311,1.15256614262976,1.51611820284729,1.07275841316768,1.39732340407536,0,1.36417912660434,1.48457783631563,1.53653487346736,1.10572193523753,1.60599210309993,1.51171321301457,1.60987108636205,1.88055002763522,1.7153155136865,1.8852406962457,1.16792907712053,1.65181917172528,1.28924527298439,1.21829104481336,1.23235010110127,1.84673081129618,0.973660280383262,1.59647811168961,1.36388035493314,1.33915721454984,1.67824705596348,1.65940567221163,1.56672942969877,1.03457440775284,1.18245257280079,1.47064361052892,1.57567865581554,1.27473918398886,1.48039563040886,1.3233704501211,1.6323856171992,1.4793193447389,1.2435697398576,1.13697231624728,1.49590262202641,1.35426906801935,1.79085046828314,1.39026374757482,1.22409228341468,1.43554225004936,1.10324530439894,1.0934224229797,1.71261918601038,1.11739720096717,1.51187513689385,1.2435631910785,1.14948419508857,1.21323678939752,2.16321605828604,1.67365222093903,1.58565215008311,1.05369769446142,1.25746951454907,1.06490756129981,1.44132360806083,1.17639707488814,1.38739550175095,1.00472157832013,1.3259504475466,1.21288109449398,1.14944097783628,1.05167284224032,1.84279752819559,1.49896413729903,1.32034128836664,1.58274259575722,1.13955109229363,1.39194512155178,1.45895924138122,1.24137688999429,1.20940758244884,1.51286448445287,1.27904252874227,1.3458742543962,1.26196646366595,1.27287912044797,1.66267041670937,1.61391169001334,1.57514861459319,1.07766386387309,1.48096116012118,1.5575496475458,1.42822654278143,1.65530894320973,1.45595907865434,1.31936565249795,1.18938113063773,1.6588517786734,0.938872224230903,1.15179356704563
1.84108793264063,1.07847394783675,1.51870788676289,1.01805545827174,0.833067135351716,1.05465106030338,1.20898918233324,0.944490982355587,1.10189903002228,0.627435599976558,1.06309415244136,1.50623848608531,1.06702422554227,1.08781593453828,1.45526981552195,1.5906649725959,1.09637801402586,1.20241270925009,0.936096474412165,1.44592145756402,0.753823459088995,0.94656251010445,1.73518843695026,1.06018286062066,2.03806340597331,0.949349870860496,1.27475773775184,1.2228477158694,1.04868681645829,0.981948038803354,1.28704754157035,1.47394262095483,1.79801360653516,1.14936513321588,1.00409814797622,3.12790442469728,0.91506192709582,1.17818703942135,1.49859707852508,1.18784960036616,0.868803204048018,0.900553620708643,0.701915641487705,1.10533032243949,1.53185254807653,0.980094180961571,1.34241476067865,0.995514107637072,1.03583805543739,0.53774133090749,1.67299721394336,1.2324712556928,1.43066128839859,1.14925878151675,0.91527374488628,1.05402180064004,0.780476198176615,1.16556037513904,0.823294518275009,1.79601889794757,1.04564841759559,0.930214377413633,1.0087057891704,0.82434364025119,1.16854237086125,1.18275890685588,1.18362611667269,1.02470448720557,0.784211807190578,0.851323950606433,1.01881070504457,0.887421982745589,1.33156607213228,1.40493502544682,1.69162603404284,1.09434806773157,1.51628467408099,0.756117202166626,0.831257999332901,0.417351483891941,0.960635140994466,1.36698143067131,1.08732535681713,0.762974775926216,0.801642904298801,1.37217135318119,1.30855641554037,0.860507142621209,1.50225281677737,1.46211269148396,1.51890287409458,1.76427778417478,1.88150804751345,1.44602337353473,0.96321984342009,1.02433553979618,0.852473262840048,1.36417912660434,0,1.14277477775846,1.38183569548339,1.14473666150017,1.23309282887603,0.742206952099547,1.86108510596957,1.00369532911065,2.051882737347,1.09922005710728,0.916771707039886,1.58880715091835,1.03043042924956,1.2254106815001,0.977113116599095,1.56769607132544,0.717833145350024,1.70907447405058,0.881811575286733,1.29062136341188,1.35230637967115,1.58078984372527,1.49299983168208,0.973801547311345,1.41862018083575,1.04882714414926,1.17829054315828,1.38131393599048,0.826868456767521,1.16432937475878,1.12776943631805,1.37492884665789,1.38350686272887,1.3016510508807,0.955622054481079,0.565553444991739,1.58915323948878,0.936514662267968,1.40852817249904,1.33979291351037,1.23945132355792,0.991087524483444,1.12390797037468,1.24801449894906,1.04712689701192,1.05195523625833,1.09557039864864,0.885619745983975,2.26845610531725,1.33002999130332,1.15958822932752,0.840612926604326,1.21406936533473,1.85330281741021,1.00812561829736,0.774891476711848,0.95182601260143,1.12198912019166,0.903677848714549,1.02930980227761,1.07123745739472,1.17651510033339,1.97917691472172,0.942651440037943,1.28205516155629,1.16253001799112,1.25823819867988,0.771294957756259,1.46532531571614,1.19953007036407,1.57716621140358,0.993895351323189,1.07567255184254,0.913419915953324,0.829368928650648,1.20642914653639,1.43706405896574,1.32507846494098,1.58959237933012,1.04614470797338,0.921647438167753,1.20593698619478,1.40856388399949,1.1916331455711,0.744730360769904,0.71382249911813,1.13512832942861,1.18167375406657,1.04103935543502,1.17391059981777
1.85972905645207,0.988844294368764,1.42203587488141,0.776562213068599,1.22948686579455,0.728472143676581,0.882185184212739,0.919689692740016,0.817264420502269,0.937810910004553,0.894919760929894,1.5270575084179,0.641457419563506,0.902441341889705,1.52813004389899,1.65252266565383,0.855359336089918,1.21883716448468,0.974592543821561,1.50158000840553,0.972019480094242,0.842243810878505,2.02655670346323,1.37882723534647,2.21510603169809,1.11264345502149,1.22510719289326,0.845495114347145,1.07036399450293,0.726599405547697,1.08830694682215,1.10201513715767,2.06371124088093,1.50722252774708,0.788165020326769,3.44027238536611,0.850086685143783,0.804638192462037,1.26663352470084,1.25490496947215,0.736640490649811,1.11351170607741,0.891352806114986,0.804251704720962,1.60385707465764,0.815340148555462,1.06494456076659,0.907746457616873,0.974826840625183,0.973677341291323,1.64252501312699,1.00608935384119,1.27339455397937,0.795751886781928,1.182949579357,0.897807464195124,1.07465674303624,1.01894328684526,1.18379597176664,1.92335602357369,1.23171483791135,0.515932576672837,0.774848326021932,1.08350042887073,0.792849344869561,1.41588143437606,0.404050311070567,0.345039555942514,0.896347505916366,0.622687541994713,1.25660573736664,0.792479409626854,0.982608566172145,1.40383204233947,1.26406112681191,0.931450593408883,1.3697764996088,0.810356363778839,1.1288252741018,1.17038034095833,0.560731680236443,1.11497480666741,1.40082338609154,0.823465046146793,0.968766447075582,0.591889988110087,1.2023604390908,0.886950843914073,1.27353566384465,1.76097664681073,1.73644252510147,1.37832771992583,1.69791795253918,1.10392467568744,0.537620666545376,0.879747768011091,0.776203107416995,1.48457783631563,1.14277477775846,0,0.790571993441063,1.20543825688552,0.884284299327221,0.972208093286791,1.63705564919173,0.955802628004375,2.16798648458176,1.27459650400666,0.771777295125371,1.0599885458604,1.1105237700237,1.14733672114102,1.18880592798304,1.94010976475149,0.957455005932933,1.778946048605,0.708437944857671,1.40240048669564,1.72348311952615,2.05072390826259,1.54610814605758,1.66087258240274,1.1064127492364,1.21043310715759,1.12110535918869,1.62107524688836,0.971383720807202,0.68206533866943,0.661470354299104,1.32335237710097,1.12532467916462,1.3409001701373,0.683373820370214,0.918128427860131,1.43840900807852,0.655135490871002,1.11435588704417,0.789696700064859,1.02301825101001,0.953830987948813,0.790810783308414,0.92649206494204,1.03685820886984,0.923440830271824,0.863693800228279,0.881921138709693,2.47405266659728,1.24922201342091,1.1871904642704,0.736045749423555,1.41320945581798,1.77259646770526,0.727198062346757,0.815686226778991,0.908324147727605,0.983062170897619,0.899074979109997,1.2827582222151,0.893463849983768,1.12507153347195,2.1629656323299,0.963964128722051,0.902717430765138,1.18711455846121,0.910373565726947,0.889106784169937,1.39656908462382,0.912513020842455,1.39308118847717,0.636393883899206,0.981055283413767,0.771413915198491,0.815657480195606,0.992418849524169,1.41820162506124,0.866511655302176,1.33950497501747,0.892766434818695,0.553008998629882,1.39254386379137,1.24698379535719,0.676174162810799,1.07792979162708,0.995513406987259,0.86739174106396,0.915133937447641,0.77687789432966,0.94415815136599
1.71524106021283,1.53490857002642,1.16407884105055,1.12465822443901,1.51036347940206,1.04191213925276,1.41382874874109,1.19707204092035,1.1976302971304,1.27991114662135,1.51905068362207,1.89870809327448,1.04182572591171,1.39851102312401,1.3398430576319,1.45063415362001,1.35266675016297,1.13590477727583,1.36212162436307,2.00998090271687,1.35351748133253,1.13869227557421,2.07997576132021,1.29696850878271,2.10364223577367,1.10559973311667,1.81029769071965,1.46165830685715,1.58043764487095,1.21756291418766,1.50022695954367,1.66331392074531,1.99756673203854,1.79836964950994,1.039457180995,3.03884641723924,1.43251346950077,1.29825390465768,1.76770180204515,1.71166304590952,1.09161918711289,1.58919549701954,1.37625881151068,1.091829590548,2.13415606287512,0.913258694287403,1.63475440730281,0.797291797615262,1.39829576218814,1.27722980758978,2.01084535259443,1.49723993633061,1.75461922422824,0.97185854504719,1.16082929540755,1.38532358122328,1.27400219980319,1.56633580675555,1.23304633041372,2.35885215191367,1.64747442020349,0.861644265911022,1.07285955489078,1.17297819145236,0.664026059909375,1.26770965578596,1.06459164551099,0.818816084670847,1.06427893743959,0.956276240285755,1.78560407265163,1.3302649258883,1.13799043897887,1.90700680395936,1.38642094608235,1.42665296668347,1.84954144929051,1.1845021117208,1.41496777592159,1.33069343719374,1.17364720674115,1.43823875022119,1.4554855758038,1.32819704338302,1.42659146688752,0.832096782815708,1.57301723490081,1.3000097633581,1.52691831948432,1.54461904627829,1.3998854916893,1.27853259155045,2.00315593648332,0.965931096814646,1.13680391483014,0.875742379485825,1.2834499585862,1.53653487346736,1.38183569548339,0.790571993441063,0,1.24988942065257,0.652563740357415,1.03818138143253,2.12760382673939,1.41553203374379,2.39519093603942,1.81561467267524,1.21311687294392,0.650303202727669,0.996525765856918,1.29558662049178,1.3227317835038,1.58941183269499,1.21313355612544,1.41898252491573,1.18685218893626,1.32890985152554,1.48320031772267,1.91587176110382,1.48749912389467,1.70681797443786,1.55039501287997,1.69689959651553,1.74090222464503,1.86551325598023,1.2345277826511,1.20647293618657,1.03588688335122,1.16693255077561,1.43125721236815,1.02872302650048,1.1065051007475,1.33164385387153,1.98528711155128,1.14360772136625,1.43947582175416,1.1473195275607,0.8684549884467,1.40883910031077,1.36814932091969,1.11634454268526,1.54353039523827,1.27108688796972,1.38626665252545,1.43448753495463,2.26604954918159,1.38366458747071,1.76630870348004,1.19367607897739,1.48728115371077,1.81609373994913,1.26956062626106,1.15124860541153,1.36760502308083,1.44161711203502,1.46850743315611,1.14951151518875,1.43581606258949,1.5041962730731,1.66234962667949,1.35590798680512,1.46148977632777,1.75004533717134,1.42674312008792,1.01324526772312,1.91673294071429,1.22140785181429,1.72079174224851,0.98181766420682,1.18771416327421,0.877691909466339,1.28505600935002,1.42715437700223,1.98825517436362,1.4351168155755,1.40266187814004,1.20867413446128,0.86423038373544,1.74792426731649,1.83835148207314,0.788192251488299,1.31430280576738,1.08621642556759,1.42552930849433,0.823494694068826,0.893368911298089,1.40203266054272
1.79805704370659,1.56747051171808,1.04350302663678,1.02898061842528,1.04516402699443,0.972421194129147,1.46742753512359,1.05816918480253,1.42424503541533,1.16226478655061,1.38462624129171,1.88564045164265,1.35895353964013,1.29450378713198,1.074953697547,1.24613563077214,1.44463210065648,0.901639397325968,0.96877682006388,1.63641168342942,1.18408233403999,1.17025216260244,1.94813539136461,0.601713174274606,1.36544818685245,1.09929388400587,1.63235898001798,1.50700043571113,1.36200122127627,1.38748336135217,1.04896141640027,1.50817613202758,1.63434296938066,1.62888592575297,1.12973903029271,2.87291200272487,1.39821653627892,1.40958701917872,1.58794596284553,1.29715114467537,1.11408658437152,1.50906580156553,1.28491583035267,1.21789599594889,1.89228985035128,0.924974116324734,1.6824440955743,0.845311321225995,1.2055499076423,0.869811963389335,1.68713089667086,1.33081107439825,1.63064733924753,1.16013597229586,0.828079401892005,1.43231836221614,1.01743603633802,1.38336459445678,0.970481448106822,1.82073706864209,1.55360352072358,0.961017580378777,1.08419193540758,0.803305270590417,0.922606962810507,0.95922312458773,1.27495238976535,1.16589180988746,0.838503520176405,1.05590566264425,1.6073022693477,1.30811424802814,1.03388578813961,1.58295970995092,1.27119250230383,1.16967532549129,1.41604379656762,1.21527361097021,1.29957086361001,1.19674676781469,1.27601404779136,1.38897863025201,1.16997841449949,1.22410893199186,1.36683180293602,1.27376853118235,1.15239172770954,1.08679977642129,1.69473124041271,1.59302774240661,1.5191743038042,1.29021708884947,1.90954676456671,0.908412472264692,1.28770456160717,0.751447862713826,1.36845827664385,1.10572193523753,1.14473666150017,1.20543825688552,1.24988942065257,0,1.1888192575546,1.17244060251416,1.94962844718079,1.54906787029796,1.44067982675502,1.68681884356147,1.13078529353689,1.2728024602761,0.827502828747682,1.01571071625123,1.00331128281695,1.54549112710457,0.954494365948979,1.37698750853174,1.03617830957367,1.33347595862458,1.43416194526617,1.80073707724301,1.40503274846764,1.14706569070542,1.61806548040891,1.44537079956578,1.58504387717248,1.16254530732537,1.07413293731749,1.20880824795287,1.29623506543237,1.09226199496823,1.53698492001218,1.14585467977438,1.08664107354125,1.16772684587269,1.83831042114372,1.26013984600095,1.42589676744599,1.04356210874679,0.849746150843208,1.01918532399593,1.45545841891424,0.967014196201649,1.59394449534677,1.02184415483874,1.30485607876161,1.18907026028997,1.70983079859129,1.4109266009292,1.68224467533436,1.09054422235395,1.1223925673231,1.47545721782203,1.29707814623575,1.10704666077819,1.45836384179937,1.01686968893711,1.30550646412131,1.07860953185146,1.32822435269347,1.28879404427322,1.80372513253242,1.24033694952003,1.38212256104796,1.63856695763212,1.33105691242778,1.0912762563839,1.67329622126946,1.46478100783202,1.54071570040359,1.21019283664952,1.0759968637596,1.0363162361568,1.25148609400972,1.55268040489965,1.81114114686529,1.65588563350765,1.27806097726261,1.15582709963998,0.942915329608312,1.50852979659222,1.58051759015611,1.26630513438047,1.11442098072091,1.01070133176531,1.20952823384575,1.06379551138369,0.986584090334715,1.26521789388824
1.89219488139924,1.30864757263034,1.38378572647162,1.12839056089905,1.48054052690164,1.19380270782365,1.38330654707585,1.12382833629649,1.4061927222915,1.10129805865614,1.43614721774312,2.04064157027684,1.16873146469357,1.19498297176338,1.30822728790933,1.55667797653644,1.48375813556001,1.10940606631407,1.31035892599759,1.84513459612585,1.05374930286994,1.16708444176069,2.16189794262164,1.17055004984044,2.00489547785646,1.27240499779096,1.7979949310537,1.53625687794214,1.27468759578427,1.22799621029862,1.4903254305338,1.7271985341686,2.14699716580895,1.8340136452602,1.10207739962538,3.15049291386388,1.34484751524977,1.03861239526779,1.90445119997596,1.75389724404647,1.22593664742863,1.41561791030071,1.25736533384203,1.2944855244694,1.95098045864575,0.584636711255955,1.71020073675266,0.612024750248947,1.42446495117056,1.13016049409627,2.09617094443168,1.52459913809693,1.80861510365804,1.17774891913295,1.07328360228945,1.46387353199864,1.23853677928932,1.5700718592979,1.23377071051801,2.22322777753901,1.65356296820253,0.830857797252785,1.20515491916278,1.11248593689356,0.731874211476275,1.15185210331126,1.02127387850646,0.806184747400241,0.987923586928516,0.720057421546683,1.65652173070664,1.29988632163739,1.25894198366975,1.87994323007816,1.71657723222081,1.33964396260996,1.85751839449983,1.17452885117722,1.43091140930075,1.1621909576985,1.22866325053729,1.67625786801779,1.36590777302037,1.27308264474967,1.32252127733198,1.06936644496429,1.60145680694375,1.1597956090313,1.8072598766827,1.7254663679115,1.60193473525054,1.51974577660257,2.27011402615895,0.968964701774276,1.16849213880333,0.930273574346661,1.28526154115288,1.60599210309993,1.23309282887603,0.884284299327221,0.652563740357415,1.1888192575546,0,0.752755362815816,2.26051051593647,1.1547515231192,2.31033085348956,1.56418660299443,1.25492945608122,0.8599645181889,0.961007353108997,1.4037136267835,1.05161842366313,1.48249001814395,1.14495625388074,1.45740040301652,1.01297376768719,1.52576511017036,1.400174366094,1.80522678498391,1.5909539785429,1.58261202485489,1.65728933027595,1.53612866433274,1.59887184981268,1.76303339335742,1.1609440026191,1.31216312375349,1.04091998318183,1.14631578221046,1.65053771543722,1.22859654749861,0.884841024389342,1.24111395629754,2.04189138350885,1.09788555368175,1.70733408552546,1.10551378225174,0.958533502943616,1.33629519619579,1.13302349793184,1.30022337021344,1.53497591316178,1.25864948693945,1.34444579269071,1.3221193858342,2.1154152670461,1.17113102824634,1.68383774149658,1.21819378686371,1.53264033681125,1.93434227838349,1.08797086703341,0.962483057769116,1.34673565288469,1.48390418746793,1.32998741209102,1.22778094834282,1.38586035900687,1.58809580823513,1.62536478222736,1.0807385618666,1.57107341220436,1.57848348919225,1.40303332653258,0.72091543842025,1.8782866316516,1.44883540039301,1.94153914658054,0.770044867567978,1.02708453135925,0.588889858560673,1.28592001613615,1.61300719391885,1.84591166717646,1.57438816094553,1.45643505421038,1.18450767606533,0.697246786365663,1.57226400084286,1.82114065635229,0.544474500851567,1.19786275198233,0.885143309568257,1.46839564051862,0.600566454289588,0.962519559126659,1.36878358673072
1.84118131801447,1.02253294885772,1.48314920915511,0.947579784219556,1.1205091739066,1.05427153385939,1.20770940937998,1.09999103896821,1.19981159611552,0.843035348570587,1.19573033801908,1.80122195760501,1.02432386954474,1.11466815703724,1.4068791880119,1.57930783080152,1.23687543714417,1.08793622803457,1.16382161891095,1.64789005829639,0.676559486815303,0.985788825271049,2.04701869149159,1.13265464351872,1.9205233811223,1.14382338142864,1.56380939495394,1.31925248090527,0.987551455425413,0.956981000223645,1.40343826062084,1.61621210298116,2.02314772346993,1.54043820113873,1.06780290889214,3.19870755581982,1.09757866490523,0.907079341876525,1.79930883502801,1.53221768439757,1.07750313681564,1.09562518474529,0.812549855097523,1.26807293316353,1.7029853607266,0.668310295171705,1.50711597684222,0.828739593430335,1.24003415769208,0.793194338461117,1.908526497595,1.39342045401117,1.601639276742,1.16560696196458,1.03967046623693,1.22203776639231,0.991509645436768,1.39808340351555,1.05257973135207,1.98377097170761,1.39922237105417,0.846862872223986,1.09611611886325,0.918564901604691,1.00638668515092,1.16717278005589,1.04119330222694,0.822435525552487,0.776415444893434,0.52394975816951,1.30524337454958,0.999553008159494,1.36590097309712,1.66216119087289,1.7648951578293,1.16040075399632,1.78633020364142,0.828446484021828,1.11133080543283,0.806833512218305,1.0250725484107,1.53445600433959,1.32270290470857,1.07929197362184,0.972019644206178,1.25827896048635,1.47854245625838,0.904212175960375,1.66730605716949,1.62156553171973,1.57505637541691,1.78183974777186,2.15255779273017,1.20844732312911,0.990118980863796,1.03430566357759,0.954986835742994,1.51171321301457,0.742206952099547,0.972208093286791,1.03818138143253,1.17244060251416,0.752755362815816,0,2.13344250070476,0.773715749758106,2.18682743939958,1.1924255612934,1.08655817039258,1.32663711646559,1.05361382128906,1.42902804041455,0.876966738425389,1.47488320572178,0.849458795588073,1.57081855500846,0.767054961351218,1.43391376983996,1.30061639571421,1.74627561868105,1.51393216885136,1.30991520642584,1.50947284215881,1.15972961810072,1.34374626227941,1.4941905759868,0.915129850276318,1.18626900833519,0.965427380978218,1.25487005991968,1.4536515633811,1.24294596798405,0.702852986688187,0.806811362137724,1.90847442612443,0.838121072097533,1.60557683708826,1.23518755471773,1.12891804445618,1.16383329598155,0.961635991793872,1.29763880294552,1.18556367484015,1.09130309635481,1.13965070431182,1.06564187671703,2.27754711527264,1.07863689826278,1.40749988884117,1.01441413211182,1.40815678347234,1.91619775177131,0.885187799163644,0.759155440505712,1.03621967349983,1.33679015838285,1.11340533098798,1.02662345884265,1.16677289579703,1.34923376117254,1.83822198680321,0.829847923754871,1.38435108270865,1.26195674481994,1.26320135436014,0.707778501016035,1.71526615746865,1.2444593814436,1.84016575159438,0.649907096871632,1.00212181133529,0.606603921859187,0.982207002549018,1.41143382883199,1.60043740079965,1.39682740580647,1.58193323269649,1.00521314820113,0.744059570741985,1.39287324323779,1.66711916513733,0.809771689563463,0.980943245879067,0.654980406538149,1.34124282871007,0.82998766697142,1.00049069866044,1.17199551225181
2.30677716084143,1.80662327282659,1.94061089028197,1.57114120001992,1.47218301311894,1.4616037006538,1.33390002493013,1.65371563860622,1.34073346037114,1.70560132058591,1.3965089422079,1.07681767943327,1.51568284428199,1.58891758142168,2.26016800640073,2.47887159591703,1.22788405754145,2.17838034719346,1.39540591625256,1.59210267967711,1.8986266097959,1.61316295694237,1.85065076344193,2.09541276684204,2.72422023341237,1.8084675346521,0.975849096193179,1.18951320284617,1.72564100901068,1.57381641704943,1.30128943281341,1.01867844329493,2.04172854616504,1.37875523617577,1.54941943782825,4.0531465345122,1.35159877263642,1.91879085194562,0.711091252425667,0.928265732646662,1.45317981400715,1.59611382827083,1.51977220929403,1.25719896242178,1.46303940793843,2.08308811714035,0.958158665298556,2.0108074923556,1.41788683032399,1.76884843041498,0.944543489152165,1.26236340675792,0.921991532849529,1.39868999682071,1.93071922387915,1.18023994675704,1.75155139789498,0.899738853944596,1.76177299607796,1.4203845091453,1.19459938601437,1.59216751060174,1.33733490292481,1.86729071371002,1.87057102263436,2.17690967788209,1.5270323289384,1.64740123764014,1.65382841479176,1.86907807605411,1.42406715413585,1.39543050980507,1.47334576429267,0.854975138852496,1.45796945236788,1.20220501149841,1.30470348511344,1.56201176746232,1.55621859988163,1.97898690806155,1.32264225663257,0.933654931703301,2.1675013468717,1.40171980423736,1.52403620638597,1.49912147870995,0.997733316179149,1.63840672872817,1.29011156402563,2.36112975653122,2.39079927162317,1.90590863980243,0.725383301348063,1.89211410431717,1.60874152326863,1.70599714060034,1.50669276424671,1.60987108636205,1.86108510596957,1.63705564919173,2.12760382673939,1.94962844718079,2.26051051593647,2.13344250070476,0,2.04918442682653,1.92694635942474,1.84218825672297,1.42202551369209,2.10347907648799,2.07784652875376,1.77962978059507,2.03670138811084,2.85306017560568,1.60774815610589,2.66826243355904,1.67824687732712,2.01961485465965,2.69314880629707,2.69331364799591,2.36335132402101,1.98283359348316,1.13042892896105,1.49683452266527,1.23692594712652,1.66424049770089,1.90398352761035,1.14664206028226,1.83740922610265,2.34929889423726,1.28412442495358,2.14077527267143,1.78778188856574,1.55993762755694,0.814958571825309,1.65157097337153,1.00657468575882,1.7307832570735,1.93517450815981,1.35579361966399,1.81363588112582,1.611040440665,1.47439235588472,1.35885724681981,1.31234922652888,1.24212222524583,3.14302544044136,2.28323468935182,1.25167422000278,1.29063194775767,1.93262272708775,1.87211523468127,1.66611000972982,1.70414535486981,1.5197001795009,1.05890329891566,1.23943775344787,2.15766023123161,1.2598293884899,1.09361513670377,3.07276792954836,1.93792337218661,0.919992405062752,1.47488103110777,1.27065560217824,1.95897915928812,0.860524677947777,1.49538012314988,0.786295515386695,1.94566938574174,1.97217251063148,2.06434332995383,1.37366293988142,1.09288708337149,1.29425551167538,1.20458422560846,2.00741542880439,1.6542116718014,1.84271059080441,1.80099385620919,0.870708195635358,2.0915252153422,1.87908667464138,1.93840798434447,1.13631243845403,2.24577839706941,1.58912193051249,1.31414779505338
2.27129241681781,0.49293093281687,1.96540061202142,1.05060718394886,1.27809293613404,1.18857998381613,1.03327445374703,1.34500329802312,1.20880670247382,0.95868129193618,0.886866837506389,1.74563080616485,1.05886706829952,1.02054116951247,1.92315062686884,2.03611161209931,1.14865740846634,1.52438763287102,1.30766118771176,1.49405836857682,0.594294490525564,1.14943661860147,2.33801872842989,1.62901591326027,2.28896412498062,1.51074751506384,1.33161009092212,1.09626202713773,0.700074693470488,0.759839739910718,1.48792612254263,1.48580970887854,2.43118064456123,1.58441340767499,1.33237687770603,3.77023933301326,0.88728228088359,0.555163903918408,1.77694239148085,1.51935384109619,1.20380780912836,0.829726739048047,0.692966460238414,1.44398381455609,1.37998652143696,1.00931252965693,1.32047274844884,1.27400632047562,1.31794347027054,0.959512040603049,1.91463937179412,1.34067306741871,1.46754139240641,1.41445229768539,1.47851239157514,1.16393317982477,1.21405382860179,1.32824279187537,1.4828914600134,1.84395951892674,1.35762287963113,1.01704242122756,1.31628081834073,1.29861475962611,1.3841999628823,1.65019610118291,0.873772162127732,0.89220795880287,1.09755526009162,0.743337442479836,1.00553537883739,0.814721260603245,1.64506728594413,1.54362130283053,1.99457913839198,1.0870833454426,1.73972497421894,0.899388243902189,1.22938484843833,1.09671347004364,0.919580827727944,1.65728418896944,1.61784731920924,1.05170387218811,0.812038174466402,1.42353873528464,1.60647752258406,0.942078938823713,1.77598067390246,2.09762316000927,2.12782365584663,2.09339189374863,2.24732713321259,1.57418123713407,0.838372881864572,1.43630966490286,0.8100211931779,1.88055002763522,1.00369532911065,0.955802628004375,1.41553203374379,1.54906787029796,1.1547515231192,0.773715749758106,2.04918442682653,0,2.32020460003466,0.663572865155951,1.15257201182726,1.7199076726292,1.51196069999549,1.72660093403024,1.2454796771882,2.10697734347126,1.07065274199625,2.12527566919358,0.71457557202043,1.80215525669384,1.82131113361126,2.1468172161937,1.83774278744496,1.68189262389896,1.48294139853277,0.909561521160275,1.02131791263708,1.61870531070883,1.16002805477862,1.18867825322594,0.978985312863634,1.6839225641784,1.48705630793924,1.7771292285941,0.630459473787287,0.818520602016673,1.77347605124588,0.720218983800714,1.7412216315099,1.3368408302674,1.58622894495814,1.18466112783338,0.468531046860446,1.5652627847967,0.952990288155648,1.15791771426205,1.03170060080195,0.978707906467623,2.7335410409135,1.218391285758,1.07318074928586,1.04785083281668,1.66740506997377,2.21060063526337,0.613195989307847,0.843326667760809,0.860594884781467,1.41340542366645,0.983961973550601,1.53739269597181,1.04904992574372,1.37466587915392,2.46481890049985,0.730290382322637,1.28959039867875,0.893120733627398,1.15196701920523,0.99467854992976,1.58132163984534,1.28809934650926,1.94745443697827,0.61072665495827,1.26093217491849,0.89878132422928,0.911548847724154,1.39246659432417,1.26062938828219,1.18948909632863,1.83585253697969,1.16295140638117,0.858102670656146,1.33292163972204,1.49457121247716,0.961444175485007,1.17980319218237,0.933051646307988,1.31473510862577,1.13944082888246,1.35266008312613,1.08344882087761
2.68368455980299,2.18674869189613,1.80556722487625,1.85671473974111,1.51414390890893,1.78774956072276,2.04438884096804,2.05926124999666,2.17006537359015,2.05808979440107,1.92730972802933,2.22993021386174,2.23820994273645,1.96983297413271,2.08125162833949,2.39741733193842,2.11093226813254,2.08633597883646,1.70589614962277,1.81665121678068,1.95967601221901,2.11179861777302,2.45682031702316,1.64252158659547,1.48959876567505,2.1725476341615,1.91541270209081,2.04906425707508,1.85186972852298,2.11019067485055,1.52126759699889,1.84788179784839,2.10123378800104,2.06931032144104,2.12130790473933,3.78662947807739,2.0107747614381,2.15467353757536,1.92566466281327,1.52575665247547,2.07451458492703,2.07100902395393,1.94926358187424,2.03221419890733,1.97960735940106,2.07219768306743,2.12805007114328,1.9917870557926,1.91332713240973,1.79777486784045,1.72964141494875,1.84622691521849,1.84486716996481,2.03018169584256,1.86475341282198,2.04885989797635,1.89942890652729,1.77649904260926,1.91749768480642,1.31574612831289,2.06332285472142,1.90015873334756,1.95220415805332,1.88415355582897,2.02829655842838,1.93366655164309,2.01108884466982,2.11647151245362,1.70835456768185,2.08148001680495,2.00115212062685,1.9601193704416,1.82775595411204,1.62061289581424,1.92246953671901,1.56075952907242,1.68726675304017,2.06368998784475,2.0507624629267,2.17166575826585,2.00985350845805,1.88050444689603,2.22239084539171,1.99284565314146,2.01876829034559,2.12230851515234,1.47206964904182,1.91598522506672,2.34610956294802,2.63467816560748,2.5660674842429,2.02532384280234,2.09747449123221,1.67547513787417,2.20306782761436,1.81566097607035,2.13459411049869,1.7153155136865,2.051882737347,2.16798648458176,2.39519093603942,1.44067982675502,2.31033085348956,2.18682743939958,1.92694635942474,2.32020460003466,0,2.15268967974309,1.99182995068016,2.26399378233476,2.04239983454198,2.04538598665116,1.99661489814719,2.63119682488132,1.8204145356018,2.5044966292786,1.84938805316973,2.34144271937902,2.61813605106794,2.73617267464138,2.51833620399343,1.76579240463479,2.15798231964428,1.76623445661249,1.90898034764002,1.08990471611341,2.12914511804558,1.80406716422766,2.24944561269397,2.28983941336738,2.11986468677236,2.23680119620114,1.8891698423562,1.89544079882502,2.02944967671003,2.09987508206067,1.99875154610351,1.87595511718047,2.00228441171729,1.61178206812625,2.14295923379233,1.97580378245135,2.22732722141817,1.52531913963796,1.88681285540851,1.7437561250148,2.43458622100365,2.34459402910698,2.05730342733447,1.8442733271537,1.92141846667507,1.97692594193982,2.0252780565681,1.96651802001654,2.14559017374599,1.50506743172469,1.84664758204412,2.22901616988067,1.90337158314038,1.67414357566012,2.91372596761585,2.02899995093136,1.76589135132042,2.02418720816339,1.81991150357182,2.10091870700177,1.76084005447235,2.27389422390926,1.84950598519813,2.15772265577785,2.15118998791408,2.1758676674554,1.92488319658991,2.1733575262959,1.97044516464276,2.22787423071179,2.1446429601715,2.0575961080367,1.96545475278862,2.01524572179924,1.78312431089095,2.33502877789878,2.12268439912779,1.93243583443217,1.79112740933642,2.14993181265512,2.0065540205035,1.70931530446361
2.46430564242961,0.551101844364745,2.17056303258537,1.22449938215928,1.23660059147218,1.3815434186618,0.99962138947082,1.49595513848276,1.33852468477437,1.03986963732522,0.693040457908553,1.56403389630969,1.26671969143543,1.05377203910249,2.14335513976866,2.2866738218559,1.17399057551113,1.78666893880459,1.31178932745563,1.29447477822721,0.735523318164876,1.30774633275299,2.28110942872788,1.79455073003915,2.4278357115732,1.66507035279312,0.995827955891894,1.05331298919043,0.651449184751264,0.914469899928337,1.51551602540032,1.33005167104266,2.48263709576948,1.38570405380594,1.53523126138431,4.00358119425158,0.855011198960673,0.859132079194394,1.66062001926538,1.28719201705708,1.318329566598,0.685832434955753,0.716137671939437,1.54821607232237,0.915396058033677,1.3806972251719,1.18948580156064,1.56845612914499,1.30015907594039,1.00852277423759,1.69126787563602,1.25857970783753,1.25294464924874,1.58614962998065,1.61966278709921,1.1442295463614,1.36068898830762,1.23837855771931,1.60936341236604,1.50846424348369,1.15088727203774,1.23440581146093,1.44761668657655,1.48293410271859,1.67927908891092,1.84196555383167,1.10914059500326,1.21848591013395,1.27954954219437,1.1301943651988,0.608544709690421,0.778778770393922,1.79518056696193,1.22993461308722,2.12751027397237,1.02227457871879,1.53910555659179,1.0442212551493,1.25830919722156,1.2416322508311,1.05135837053814,1.67920554939218,1.73025628016984,1.04501684622658,0.722338664274169,1.67833218980147,1.55299303022575,1.01528962365922,1.8178101054849,2.29326681194128,2.35464503235247,2.28390479296787,2.15909324414099,1.80726409938979,1.07987162193717,1.64778046641682,0.88111643274082,1.8852406962457,1.09922005710728,1.27459650400666,1.81561467267524,1.68681884356147,1.56418660299443,1.1924255612934,1.84218825672297,0.663572865155951,2.15268967974309,0,1.22776171698766,2.05266397847803,1.75900176080995,1.84786216173844,1.43520167681594,2.40964926384946,1.17504806608953,2.4058223321796,0.902309670325228,1.98824545420096,2.12651461561877,2.24022611092835,2.06416654625507,1.65870385180471,1.45230884726201,0.645525830468167,0.73461031851018,1.51115157080091,1.3684754524963,1.31728253007126,1.30209493573006,1.97193448872205,1.51936586787566,2.02124329821561,0.911858480755341,0.866265270395887,1.60443136885081,0.958290553192932,1.7883780186009,1.49108674117762,1.83892543970202,1.13990343780779,0.673578414190936,1.75991341092527,0.883507164224232,1.21749939326549,1.00346993859783,0.905710870865507,2.88767790767407,1.49695540679847,0.717825350858138,1.09693293368339,1.69399952998112,2.28453220677114,0.75074184667783,0.963141332063596,0.859983420617192,1.35631121441361,0.900941737517411,1.82660694822901,0.982786091545442,1.29307852587043,2.74411820644656,0.910406691758633,1.27653310434317,0.562169494944672,1.13057518574378,1.21058167786606,1.32474259763053,1.43441228209035,1.87720215889077,1.02629025140547,1.49425490232518,1.26564728961816,0.934128416563771,1.38053220167672,0.838426575687254,1.21394628418219,2.05552498187636,1.30856190671656,1.1407571009967,1.29031014079759,1.20761466424788,1.38728054702766,1.34534412781747,1.15676822231692,1.27310838263682,1.51214982424183,1.56814288631893,1.04580647186806
1.77751098023065,1.08620644466128,1.39134020508205,0.651887347194991,0.942333800076639,0.78465644653744,0.898717695968491,0.752493414927529,0.84931224537036,0.764734113237814,0.896947217836301,1.30150675813698,0.832696436454471,0.818270924454909,1.45479464875387,1.40413367554931,0.803161200826538,1.10321685592168,0.81272161844772,1.38370493260906,0.979755469932494,0.661674024935279,1.71828545174707,1.28713052916805,2.12356243589668,0.899652408379194,1.05023152193387,0.878399542399011,1.0613297167724,0.90517596000137,0.899808881049479,1.07890923816186,1.76862728432425,1.16649934095692,0.740961655342299,3.19221071214561,0.789899658416719,1.04574650169529,1.10909086004464,0.973832008355471,0.622297156707113,0.992177059247915,0.793998710711501,0.729967309062642,1.38662435739988,0.975674936830066,0.967591943959833,1.06457098112765,0.756745796522871,0.742020828185023,1.38441772154919,0.962788910448273,1.06955958829086,0.836358747246119,1.06901081262393,0.826932280630062,0.81301154641073,0.869493182785997,1.06020341168193,1.67968852340466,0.990118033624332,0.670815749866274,0.603124727173415,0.872326921388947,0.948701215595498,1.21866396091927,0.885035347358936,0.834873685401928,0.892198023374064,0.809257463357202,1.08644181549296,0.722196250142902,0.929049288330221,1.14976105708781,1.09933421770831,0.857897657833315,1.30092063870043,0.66662325676887,0.879904604072911,1.01084677688699,0.657681099764573,0.982819937199392,1.14295118334752,0.680318246133113,0.793848859442406,1.01035878921103,0.967679466277861,0.688935071562181,1.19323900052724,1.64350278326386,1.68661222067508,1.5817550890251,1.45818000978048,1.27877486480661,0.587509654743283,0.913859204939162,0.775669786963451,1.16792907712053,0.916771707039886,0.771777295125371,1.21311687294392,1.13078529353689,1.25492945608122,1.08655817039258,1.42202551369209,1.15257201182726,1.99182995068016,1.22776171698766,0,1.45072673832877,1.10025112831179,1.01590100300908,0.918851553525364,1.8026313857404,0.705282078328839,1.68561192539628,0.778665775443464,1.14215846391924,1.66389750859333,1.77853923031999,1.36665112887428,1.31924477072571,0.999379691009819,1.03581520010901,0.986629048021679,1.31219637506911,0.886504841095307,0.780802255455854,0.962343169923238,1.1841340664484,1.08005836174511,1.38208977334152,0.944021503137227,0.753985734176169,1.26151185851855,0.828079968278419,1.01395799400529,1.03929630574237,1.05832521185456,0.597096344994232,1.02568737490671,0.710057956974041,0.981279399418384,0.904569904742521,0.73276826556659,0.702722653197471,2.3171892673576,1.38070030962473,1.00047923657163,0.516795957192925,1.05041209084254,1.5622927169041,0.811163714974311,0.673881112117632,0.856508656473294,0.757046339012163,0.732226050812803,1.10577056090264,0.760200901795191,0.903538064972038,2.17739234359923,0.914275909354754,0.86141439595102,1.06453838469189,0.839413901238549,1.07942562703526,1.15615895993728,0.911695403664242,1.14509859541687,0.954907445562761,0.831923870862485,0.934947673850591,0.6731454153386,0.878550746495085,1.24893453963074,1.00397515839863,1.26125853397015,0.794282916260486,0.869553989136368,1.23146473649239,1.08408412761594,1.17686605368806,0.971432817092086,0.979331076012771,0.773103454959626,1.23302528937607,0.827339636038114,0.870411065006196
1.88016680510213,1.81405068471877,0.972002312014753,1.4260960295026,1.59985771133065,1.22416211525899,1.68374895982923,1.27068657693652,1.48383560641991,1.50256536311253,1.7553859736633,2.08632655435348,1.34210211453859,1.56102639770634,1.22029617768368,1.6182544490385,1.61739122522615,1.31702390422364,1.42711436784599,2.0281313062031,1.5935498278181,1.46019461541551,2.18824137462689,1.24851660504837,2.01877158591982,1.40297715193152,1.9501917706668,1.69777383134922,1.75421423079561,1.51699870907265,1.49398307875191,1.81560995524674,1.99218031226547,1.987467945899,1.16491002640279,3.02659530127685,1.5617102923005,1.59479095202697,1.73754086007673,1.77894338734357,1.37327997041187,1.83733278206792,1.62327117248808,1.20043781012203,2.29883344488701,1.06553765367248,1.81846801502863,0.912345942880064,1.53923344863885,1.52769018051524,2.10027763326854,1.6885098761775,1.93818448910329,1.1785475700211,1.26188708955534,1.61098901545885,1.44736940720019,1.60137993277443,1.28844563112058,2.36935606977495,1.83118016137223,1.00339531615228,1.24916344082647,1.40268570306844,0.719616044254211,1.33886341363024,1.20548511143216,1.04353432058727,1.17869290779127,1.2017331078252,1.96982169430643,1.60452235936588,0.972876801965507,1.9916010813686,1.3605050534216,1.54828816285032,1.86576003658569,1.51953518272401,1.61511892368546,1.5158347850125,1.36639768435926,1.53100827374939,1.59610817208951,1.44789866026049,1.71277337173682,0.826103890399044,1.57211045146351,1.55680893849738,1.74059665810328,1.74734550648601,1.54344613254228,0.867915387921081,1.97488017117593,0.932798699270974,1.43991239586603,0.857060589139827,1.58883019484861,1.65181917172528,1.58880715091835,1.0599885458604,0.650303202727669,1.2728024602761,0.8599645181889,1.32663711646559,2.10347907648799,1.7199076726292,2.26399378233476,2.05266397847803,1.45072673832877,0,1.01576946904663,1.34355780816237,1.49959766552519,1.62140259048469,1.46910607107086,1.53406233279141,1.40019424935198,1.52208497776765,1.69843791772262,2.08442936251452,1.73470415856354,1.8266177879232,1.77647797194407,1.90735130583941,1.87772588665097,1.91438462756835,1.38214247374439,1.28167072336778,1.26040543284215,1.33829582176908,1.6959077710525,1.15084489998478,1.33905986972943,1.55625501402477,1.9123102491028,1.48064441141045,1.46993071942391,1.20535754618784,0.890218296889505,1.54461610797483,1.63848874530081,1.26284225382004,1.82225548032315,1.33944490416058,1.64050713110407,1.57070889401689,2.15174023454494,1.58943768633329,1.95904054323072,1.41889190636431,1.65728060555652,1.84045850447959,1.57446390724524,1.42026550039028,1.68768343434245,1.48609343699429,1.56681777602812,1.4124859103769,1.64418454570564,1.6808717171912,1.69859577361439,1.62634006525263,1.57941312315911,1.98000538713265,1.65102327124858,1.18658779256092,1.95051593898848,1.59610017554231,1.71475955267396,1.33717035421917,1.37513016234283,1.2102318940621,1.53532601948685,1.64442379197047,2.14957180479105,1.65201905740978,1.37207399553942,1.52398393782191,1.0764627793392,1.91211938879609,1.90495016013624,0.993357582242171,1.42259799447835,1.32550689840533,1.52647303786952,1.03357215477442,1.03194565080443,1.63483539829201
1.79011895108279,1.6203913110619,0.947571332382543,1.22253627589067,1.27310300973126,1.17214125216385,1.56508044665662,0.802023863955655,1.43852191202772,0.997559996479197,1.53300879319875,1.99695529723381,1.33774949489549,1.24649574108322,0.907883115173784,1.14720684118591,1.48046999666175,0.935290853501812,0.970931213591571,1.72568887636069,1.23903275133582,1.2061349189968,1.95135612105521,0.808199288400025,1.80410776292258,0.993924591753498,1.75964415010331,1.61564056975104,1.48034690241398,1.45112939307733,1.21180220909183,1.69113572894882,1.70374954287725,1.70574051172942,0.939050942744904,2.59301743237972,1.34723900618163,1.42733598834679,1.62420335673139,1.51500856052773,1.0620308396748,1.56599077886082,1.33759013231459,1.05751208238874,2.0503433934411,0.776883979250403,1.75499434604151,0.698195226148159,1.13690132270942,1.01134272980208,1.97784750766992,1.50560514089486,1.81530577421151,1.13673577193703,0.760768931678201,1.47758515385447,1.0509506451184,1.47441083728063,0.895604204680807,2.18357826877826,1.58705592553922,0.871098282939441,1.00188637101955,0.858870290919917,0.671488351070089,0.77977601333929,1.2615518809022,1.03315654560304,0.990333500521357,0.925042463974417,1.69970871879673,1.39526376483053,0.914509237554098,1.81048555085765,1.35717760650106,1.40338588010439,1.62823201682989,1.23466244617031,1.22953598477094,0.969898012582671,1.26480392849175,1.51175886680055,0.939698387104062,1.12253235409256,1.41867329688218,1.10621975606079,1.38544031731847,1.23561431709369,1.71384930690085,1.45345921817315,1.27645988071577,1.19546581227962,1.96619405447608,1.10768494227275,1.23373956059537,0.660407533429151,1.36924434820474,1.28924527298439,1.03043042924956,1.1105237700237,0.996525765856918,0.827502828747682,0.961007353108997,1.05361382128906,2.07784652875376,1.51196069999549,2.04239983454198,1.75900176080995,1.10025112831179,1.01576946904663,0,0.829803862063757,0.947149548162354,1.09783227291689,1.09294376641992,1.13661543103464,1.11802234526658,1.20938548776187,1.16115014160752,1.55198705518061,1.3423758873166,1.27601696081711,1.70262911190044,1.6527236558974,1.65053109265725,1.62364856525907,0.8327060297719,1.27646500361334,1.14540168542906,0.792488655228157,1.6673365607803,0.885547702465146,1.2189953539842,1.22564614996437,1.80681717552727,1.33170899935836,1.45691373901261,1.09251879548165,0.574805604441504,1.13107103950107,1.48313213077407,1.02999719014927,1.62065400306402,1.24601844457848,1.45101688974528,1.28226356347079,1.70328815404396,1.27094571885881,1.74470226392981,1.16969241577284,1.15416869240754,1.55483519252667,1.37123868682246,1.10541469346621,1.50034287031327,1.24188313422569,1.29378497750676,0.876182075629837,1.40240111354056,1.54272645400271,1.45487504441147,1.22384587102186,1.53977320654526,1.74409730202157,1.49964551666991,0.917547389431068,1.75781532546849,1.50375772845042,1.63829540800742,1.20887974350854,0.923559404089851,0.897602174188493,1.30541625831712,1.55636766607614,1.93914752015786,1.68178795005407,1.1899694941629,1.30683095770534,0.95807536333661,1.56555184747497,1.71663514142214,1.02107407410133,0.948102672498058,0.975602738666292,1.26089616838556,0.913308131717735,0.892914714673316,1.49671987920473
1.7381172978411,1.74868034570185,1.25050821187454,1.25076452012208,1.41474830748851,1.25109673242319,1.51510792001521,0.742223159817356,1.34857511617016,1.15557972413672,1.41094422652994,1.8211707672958,1.31657460364181,1.26457323587986,1.26306859924279,1.38229240043119,1.392574197063,1.22686073112121,0.853035479823829,1.56875049323736,1.48146926075765,1.16930822597388,1.73483945370626,1.15687211102078,2.20261889562724,0.994960140505436,1.55643985600455,1.43711028968126,1.63499070826684,1.5069342561618,1.119151202097,1.3458930767871,1.7232612173497,1.63334639377862,0.848907532728573,2.82054353154642,1.39707818270079,1.59279367279736,1.24838873005649,1.25875163498226,0.960717676837125,1.6449205135995,1.42676524686273,0.913854387134368,2.02118231801837,1.18358193331371,1.56574858770708,1.10868275387278,0.885131970362783,1.11378815394983,1.81234477231457,1.20151861592639,1.67949324259756,1.0382725166937,0.916535772089027,1.38036480686536,1.27522495974266,1.34620862970887,1.03975619977021,2.19824432621668,1.44991077543401,0.987644254296712,0.911349534392899,1.12025033369469,1.01272166730457,1.25477553669958,1.32412666730479,1.18473643409026,1.22005919141602,1.18496519268029,1.70579144352777,1.38238819888876,0.861547735660644,1.65182026573987,1.19244551651556,1.41339327245113,1.16421694493446,1.29256122231661,1.34269540368257,1.27342429758022,1.25073091633785,1.29477303202873,1.06317716129687,1.00021354343771,1.47849581184216,1.05353036007315,1.28945470281376,1.27228982592397,1.48746466750152,1.54747029118416,1.49168477928254,1.2058731571818,1.61627570337644,1.3895605173352,1.24372028509939,0.846491380374564,1.35679845206419,1.21829104481336,1.2254106815001,1.14733672114102,1.29558662049178,1.01571071625123,1.4037136267835,1.42902804041455,1.77962978059507,1.72660093403024,2.04538598665116,1.84786216173844,1.01590100300908,1.34355780816237,0.829803862063757,0,1.23205087016426,1.60161524784666,1.23417750638096,1.51919903586254,1.29601636033555,1.26665637829397,1.67034926521659,1.78600157983355,1.52769163159942,1.5078272740386,1.45966728242667,1.73302841174077,1.62131289645838,1.78444425035184,0.912301339412676,1.23376857812567,1.34735548778995,1.21008919231729,1.57783649187602,1.1964069266073,1.43155841729522,1.35022494967806,1.60647978017814,1.39787986085363,1.17488482597089,0.898728701770887,0.915504511519187,1.12329301181308,1.59540877346879,0.906185158911518,1.63585175656725,1.40192367015245,1.38396529922329,1.26867654937726,2.03261848219187,1.67926307697235,1.70560972685435,1.16190841958175,1.22744891958119,1.60120938929201,1.46606581308675,1.25700978830475,1.52624738137812,0.99323358135944,1.26725804424473,1.13072443092477,1.37235191593853,1.4674217165385,1.92000620583028,1.41926709999307,1.40146171261024,1.7553126504966,1.41943624071737,1.17044703194238,1.62282643151582,1.39626274524743,1.31362796172225,1.44005645877129,1.08320691699522,1.2581719530646,1.35386839955357,1.36737599380043,1.89159387769968,1.58122762113032,1.30500690011385,1.26790215879689,1.16258574467712,1.64965755585778,1.42096006030667,1.39384131314019,1.16693961053728,1.37590286105221,0.950267740962036,1.31961290990747,0.907201926297541,1.49656847968434
1.70766573748785,1.28518231167896,1.40788389883497,0.890894615958767,1.19781099624761,1.17162758128969,1.31470501352821,0.892042231819057,1.38172716138667,0.89852803797083,1.34281119289829,1.84028240862082,1.24611977407791,1.03973277394515,1.0964434240951,1.17804254906972,1.39125522408811,0.781195213099592,1.06887033211892,1.60211307892325,1.00935978404291,0.904700487338396,1.83885285335845,1.0124771785384,1.80391482741638,1.10196042669455,1.6032395940942,1.45216329702485,1.14676887834355,1.29258909338779,1.19363222788314,1.60795287695598,1.72042232596048,1.57836430605465,0.95360017102465,2.84592503051658,1.24106987694376,1.164886378465,1.72783245865708,1.46749167929475,1.14028119427109,1.23326145030585,1.09091030426315,1.26158590342168,1.68370957237685,0.773601498008292,1.57315857485169,0.93461963385518,1.18658023925521,0.844983140642477,1.82912808346022,1.3741312263467,1.58371251816004,1.20100856903573,0.971171599438815,1.38071052637373,0.85226368453896,1.36540175348948,1.11375723649056,1.90905543677894,1.45359798412648,0.941906049913337,0.986432728895788,0.800003028325522,0.944604040482352,0.806557158986099,1.27265423245383,1.10402192665519,0.932695264888405,0.77027710697029,1.44515695124084,1.1769453140513,1.14407844363435,1.62823388800721,1.53512850273769,1.21303188795626,1.71556547563931,0.948644471341568,1.12281543830756,1.02961575294386,1.21080159686111,1.53418990092462,1.04656965238397,1.12693189510958,1.15408285068519,1.38214778489701,1.31170613957796,0.804268595965007,1.73870743019021,1.65230296276756,1.62243806803598,1.79532174620663,2.05222970800787,1.23295035967001,1.09850611091512,0.958339488435288,1.20819608734546,1.23235010110127,0.977113116599095,1.18880592798304,1.3227317835038,1.00331128281695,1.05161842366313,0.876966738425389,2.03670138811084,1.2454796771882,1.99661489814719,1.43520167681594,0.918851553525364,1.49959766552519,0.947149548162354,1.23205087016426,0,1.35583539460005,0.762537757694361,1.21133050686139,0.920278403242024,1.24696104499025,1.27671278527644,1.56027414100677,1.30009652596682,1.2156745621575,1.48715697869364,1.30496962076715,1.4070028807375,1.35463909630641,0.943116935687602,1.26447973435363,1.19828103467828,0.882802742943396,1.56185682265294,1.31881321789856,1.02411355598703,1.05933475875801,1.84613343351885,1.1310142446955,1.59941555367536,1.21381846462945,0.946555412744624,0.989500684887975,1.23382861318269,1.07163731713863,1.4098638571991,1.17872393665254,1.15111201519982,1.10380237677199,1.85306238788947,1.19707440409176,1.49354061092164,1.02802004671348,1.10586878938983,1.55658534651446,1.0595709406099,0.819646168666088,1.25354543930893,1.20960865665694,1.11928503783902,0.843893545971413,1.17783971258379,1.36123062130205,1.80726718651418,0.927029191962737,1.45053076336229,1.38194651163061,1.24690998357896,1.00548102945484,1.61204850144546,1.4020054780046,1.69326120539978,1.03376959223388,0.717130784852926,0.801047851315414,1.13416402698837,1.51743179678196,1.62573655482328,1.61853599845647,1.18443850164233,0.978599324118236,0.980502432242476,1.26490346139041,1.61274621564927,1.15008321270218,1.03599858410808,0.857120295366091,1.30328202068786,1.06376978814895,0.986589740844955,1.23406991408734
2.12178701788348,2.30574959559595,1.46794316543957,1.87610178131601,1.89263253451276,1.95049602813358,2.31392968763214,1.58587188354525,2.17263919127077,1.70336040908549,2.3344012503786,2.65964361344818,2.07567173279378,1.96834035438434,1.3096756700405,1.33092219419243,2.25319071786336,1.37593719562839,1.79173706709972,2.3846073200711,1.8772750111383,1.84134439225343,2.32689388421705,1.29049291923298,1.97386806723496,1.59499086369873,2.55076858822369,2.41048720869719,2.15007144585384,2.18598294346675,1.97194709821195,2.52783165555599,2.01502783634355,2.2896201219329,1.68533443209987,2.10631014874577,2.1354016284848,2.10085089549063,2.4674383878939,2.28367158134205,1.88449105611193,2.2033633851798,2.02887105802727,1.90844209468043,2.70535038907496,1.35341933669483,2.52867518281554,1.37930198305099,1.9229971677217,1.67834457814524,2.66754666882792,2.27787863298934,2.550441881517,1.88042561053482,1.28425697611777,2.25539800656095,1.62995733036309,2.28693888328162,1.56092240462007,2.81253559850931,2.28638834812488,1.67296212973505,1.77974579160204,1.47022423239233,1.39793024916226,1.09447948880211,2.11019234356956,1.86671187779676,1.68113637163,1.59530557570604,2.40373507556844,2.145016826247,1.65856804493066,2.56385883740937,2.05555271426807,2.19475334963396,2.45802303642376,1.87900364014305,1.84485902122175,1.52905059382463,2.06353832951863,2.26792217396012,1.42443760599428,1.90978193374607,2.101434047486,1.94496643471596,2.1618737728888,1.88698317500793,2.41347376012835,1.77063544799351,1.60323631774459,1.93782406323178,2.65328678226149,1.70917707710864,1.97491427040432,1.43665373760509,2.10591355597964,1.84673081129618,1.56769607132544,1.94010976475149,1.58941183269499,1.54549112710457,1.48249001814395,1.47488320572178,2.85306017560568,2.10697734347126,2.63119682488132,2.40964926384946,1.8026313857404,1.62140259048469,1.09783227291689,1.60161524784666,1.35583539460005,0,1.73355681278443,1.12550144136663,1.8676965297711,1.63467622488409,1.25718578950994,1.61296501042945,1.67884716277586,1.64063385592296,2.41587957952857,2.29560208603839,2.41259679227208,2.12202700974936,1.5269126717371,2.10170599306366,1.90830820981938,1.13644841796603,2.37533806833415,1.35750890008785,1.96516360746829,1.91688675162796,2.62543201564519,2.06131247845051,2.23494329834781,1.8992945686468,1.33260271783151,1.8951450630541,2.20049826957794,1.75923247834943,2.33669708215001,1.99501891451749,2.1788951402377,2.07332113320073,1.6025883906845,1.80107819903856,2.49248340049506,1.93777616462807,1.70170577464199,2.0340988372094,2.09783593809462,1.73011142798848,2.20442921002432,2.0390181865413,2.0537068270681,1.14491224104227,2.18209014291184,2.24963915934833,1.29975877192831,1.84177334687159,2.35508152413093,2.42340569535123,2.25795587168164,1.59663199326622,2.49442242945582,2.17393638881294,2.37725054619517,1.88482475596214,1.47021931085772,1.517675386755,2.04449401056476,2.31693003595221,2.65181612476416,2.49277431252157,1.67600588684228,1.97057979184537,1.74333585527607,2.1308396061326,2.53248692355004,1.74547491997566,1.64853466958046,1.51272841692285,2.11595850458981,1.47865646351662,1.62937512934055,2.22049996832254
1.53138852432436,0.981527546337093,1.34849581764016,0.491216722776283,0.766642117326737,0.692103596466966,0.861859015674504,0.885273266543687,0.811399459867931,0.69126994886408,0.935184024498669,1.22877684321171,0.804235036334695,0.938558981121688,1.35349083573144,1.39755372526737,0.847756974511297,0.949594101596906,0.86420196592579,1.49851100473404,0.811989383754798,0.522624393696567,1.50171060081492,1.012145452663,1.86947321292512,0.770573062385474,1.13978601641257,0.973696861580426,0.966741436557965,0.801603220620387,1.04334767903025,1.2091530604578,1.53121535931578,1.02888634720411,0.800128422161976,3.15487700660845,0.902850444609561,1.03114129115936,1.37362389548528,1.02046585187226,0.670305623746398,0.777829328111821,0.649466843391358,0.912485732633958,1.36100105761539,0.93899527205481,1.08044092488244,0.885813617690054,1.02307358064856,0.540176703861169,1.30323682230687,0.964996608597451,1.05062053162417,0.773443050100186,0.891876196618783,0.824050680307042,0.589207162581344,0.950871718201827,0.858481135904981,1.57338946506512,0.922027515309922,0.783969703899425,0.687399347387983,0.576397785331048,0.955262059115736,1.01937438137427,1.02807840712343,0.864328307709446,0.548455711918147,0.779762884450683,1.0050166093338,0.680577850382401,1.13123302953636,1.16422467587813,1.35878417648396,0.759168432698272,1.45542413390438,0.419094469906957,0.735317442893817,0.837880432999136,0.813452083842217,1.0175264937441,1.14035874444734,0.848985570734346,0.657176088164424,1.18058317606705,0.941136866575723,0.511796759012409,1.21099118343646,1.39803130512708,1.45438642087851,1.691894736547,1.63838881627213,1.08637243877359,0.810704131798016,0.851446542758639,0.740634141815041,0.973660280383262,0.717833145350024,0.957455005932933,1.21313355612544,0.954494365948979,1.14495625388074,0.849458795588073,1.60774815610589,1.07065274199625,1.8204145356018,1.17504806608953,0.705282078328839,1.46910607107086,1.09294376641992,1.23417750638096,0.762537757694361,1.73355681278443,0,1.52076160305378,0.737696020229191,1.09852210227597,1.38456227091273,1.63274648906333,1.31601936340756,0.938063776499814,1.03237167370221,0.873943259289286,1.07911815290356,1.07226982135275,1.0245223469974,0.894031295561562,1.068517268391,1.24158589337493,0.98279304884505,1.21807480323005,0.768459142119382,0.597858155559853,1.53663490796867,0.676342761767988,1.17911837336326,1.21315005925209,1.04156381504138,0.777713933816049,1.02239889612135,0.937273202519734,0.920486260987813,0.746791660088482,0.708716191967221,0.723013356403159,2.21898054231677,1.27314373997262,1.04009232629818,0.490095825413817,1.04974147775574,1.47112860197233,0.765945394064922,0.57757805997577,0.726973098857581,0.863789818479213,0.819059682268506,0.894624043799491,0.772975032189319,0.749312147814388,1.97544305680278,0.893992103201913,0.975495736824823,1.01354767825402,0.840745588500876,0.872248369882446,1.27537962942099,0.84294533400837,1.29229687837636,0.81956287862825,0.942474765375037,0.782012967218058,0.594738854432742,0.975092526724847,1.26639765993675,1.1190094297698,1.32588482319665,0.605996189932551,0.835197939907943,1.04847936764477,1.25520406027419,1.1271024537114,0.913355520499362,0.610225968079061,1.00324351531994,1.14829156708603,0.75700770567836,0.746215470709576
1.50031674444134,2.2201798524907,1.35697113067375,1.60358144483578,1.90381491960533,1.72163001878052,2.10802232464749,1.50929827330172,1.90499456713568,1.68629701658067,2.18660828970436,2.40869255830507,1.80878513214644,1.97500393962144,1.01285358757556,0.722082039125391,2.05366067439272,0.840909694136919,1.77321458101046,2.46830550157444,1.90383514995443,1.53351291536139,2.14932525284827,1.30003840328404,1.98453265715697,1.3160701749829,2.39850090930825,2.18346397760231,2.14564357251037,2.01260452151826,1.91835270588762,2.29651882578294,1.72965451566117,2.19699648860293,1.4629125395626,2.00746792865686,2.0929733073269,2.05368470605436,2.30226056156443,2.14684699494603,1.6598728477164,2.14805086840443,1.96395236561123,1.71861196954605,2.6230787174538,1.40959016845454,2.30112952657237,1.35672182502948,1.90240083725174,1.62434740785141,2.42334463552102,2.07725141818137,2.30192253416203,1.60979155578139,1.4148169665699,2.04606625350699,1.52433891821037,2.13970017736691,1.46047805311671,2.76290897290911,2.16462558431574,1.63245484594859,1.49520226693715,1.33242520859241,1.23241726600677,0.952456415847862,2.00870015058231,1.71875414545346,1.53598064258249,1.58103994245862,2.31435376317501,1.99631465380877,1.4784874638673,2.42748788307542,1.69658768922144,2.0618997644725,2.34004171938998,1.70919567385785,1.80154506312656,1.67913886184427,1.94351395800219,1.99051077695864,1.41847855785859,1.92140597924212,2.00389082275826,1.78172688076165,1.98280820641701,1.65031686644093,2.07277291981579,1.42443237650568,1.30624486002193,1.83209282026717,2.43841089783084,1.55443991121156,1.8180667281994,1.34758835546028,1.97423912541582,1.59647811168961,1.70907447405058,1.778946048605,1.41898252491573,1.37698750853174,1.45740040301652,1.57081855500846,2.66826243355904,2.12527566919358,2.5044966292786,2.4058223321796,1.68561192539628,1.53406233279141,1.13661543103464,1.51919903586254,1.21133050686139,1.12550144136663,1.52076160305378,0,1.80368002682803,1.29500115414558,1.22684757969077,1.73654059669624,1.33428320021356,1.66916075469696,2.11313749489621,2.24113088050299,2.35207707456151,2.04117741008931,1.58415672901159,1.94366351615715,1.80780228873018,0.819513038800538,2.03745859318256,1.23741994052171,1.82952894607889,1.87134785656188,2.54608425166485,1.84496760759851,1.98960045387502,1.79941688474093,1.02558847649931,1.85067478771571,2.14794329518211,1.42982375110099,2.17761492465317,1.88791760930957,1.99453908347022,2.00326957100597,1.71597938976218,1.78334130607579,2.38610061829084,1.79555437914652,1.51099735348784,1.78485543575,1.97087253228344,1.69734653859958,2.02071089958398,1.8702389708598,2.03767052552216,0.958867397860873,2.02277421103724,2.0139756120339,1.29876004254599,1.89007350758516,2.16496048119575,2.3368344938457,2.06981572848951,1.62166147392889,2.43026782598292,1.86600508866669,2.09510105943982,1.7542444778236,1.36183065080022,1.47127040793305,1.88463357341365,2.09429581643462,2.55279198364804,2.26482483019019,1.38662618359836,1.6212576693169,1.64827134499743,2.10253490319981,2.40208870691549,1.67053726386624,1.66894426895133,1.5139555088086,2.01177640368998,1.4939908391541,1.39846135071097,2.02978161729122
1.99475801422716,0.742888748147816,1.52476682022454,0.68014225138082,0.907674705789169,0.77720617200136,0.804656375609842,1.00820977216449,1.0239029922792,0.737289472811322,0.748684832125238,1.54244469008213,0.892672230391102,0.746529964293658,1.53518366833915,1.6960240774195,0.880347606870606,1.20263447470558,0.778622138656455,1.28173758676519,0.600685624175507,0.872169870285199,2.03576591328567,1.2171144749036,1.92930263187369,1.21087839956812,1.12979703339316,0.909847024697971,0.657564024622961,0.738111392411673,0.919655569627564,1.14916560632227,2.00490388477304,1.36563752999516,0.985627355501714,3.45663129105059,0.738566059831996,0.620344229691305,1.4017016104917,1.11932703637666,0.908056999270001,0.845563496730964,0.619776509228854,1.06323054743484,1.28450923509241,0.740456137942874,1.12471394521281,0.960151726304909,0.90099274545078,0.68708014283851,1.48385970248737,1.02158897661084,1.19063302361873,1.05626249872434,1.07558843447847,0.97352757010086,0.892763055034601,1.00201856240967,1.17029601689836,1.53513603073721,1.14513471363479,0.603438910881909,0.927329811226379,0.91846321818975,0.954003498542285,1.32272188836969,0.645174550286692,0.642256755334712,0.794342497620495,0.465730826937414,0.9913512105911,0.63604650915497,1.17738338327594,1.21887074023988,1.48752100996476,0.710192590011074,1.35380701868835,0.667309581015141,0.867354152619351,0.997975001530425,0.688163337048481,1.25635086866789,1.3325354078011,0.795884190451462,0.754558084690737,1.07739374499327,1.0704324858914,0.639708526023443,1.51809766509139,1.87227400864245,1.84914365313983,1.67524013007826,1.83247811941724,1.1445519353534,0.655176277863867,0.966712294805514,0.704501372444999,1.36388035493314,0.881811575286733,0.708437944857671,1.18685218893626,1.03617830957367,1.01297376768719,0.767054961351218,1.67824687732712,0.71457557202043,1.84938805316973,0.902309670325228,0.778665775443464,1.40019424935198,1.11802234526658,1.29601636033555,0.920278403242024,1.8676965297711,0.737696020229191,1.80368002682803,0,1.50643698338593,1.57993176056983,1.93379572997856,1.44141483193388,1.38420789361566,1.20869198795443,0.798952222892312,0.891310627137359,1.22865646533691,0.823707322389757,0.774544093512038,0.690033748516364,1.32726062310786,1.1923821092106,1.33985001600326,0.451979608565872,0.682623217883933,1.49291734061232,0.659682155874626,1.35023262365222,0.918827394999008,1.10513350546861,0.67815508031419,0.59790872529087,1.10098974539002,0.864856319296462,0.690838108123546,0.719928676209266,0.661366983549534,2.29403563966454,0.885786291367705,1.007659260945,0.629560933342866,1.29788126602624,1.61048529115306,0.516036088382319,0.575491548650194,0.81430997145325,0.925326115213216,0.726214857244464,1.23513231008581,0.6601567562406,1.01384110170023,2.176995913458,0.614525169760804,0.940686130035153,0.893501532539973,0.786563109043477,0.837190976712092,1.24577596778021,1.09591766014856,1.52680654112994,0.603660125010383,0.86261280030129,0.677483401411545,0.744070717230806,1.1591695224646,1.15074786195563,1.07712912526572,1.39874505328182,0.896873932883564,0.582072736162068,1.13987404766864,1.17327292657305,0.795633107833703,0.867519532254223,0.760533567855617,0.889828508733067,0.928914891735765,0.968312279175666,0.754968553343399
1.13348891688279,1.84226756191028,1.31574849876021,1.1730102601243,1.35726047912072,1.1126750654275,1.69255425489599,1.08404913812373,1.22216742122206,1.40085754308586,1.71836017688459,1.69127897961926,1.23217278544647,1.63971792485519,1.27556540524635,1.02604063023965,1.40405931149546,0.953971944454061,1.4514263247708,2.14215918148786,1.60045659839114,1.08658717968629,1.55368781464091,1.24771593895683,2.15614648474783,0.909911307701501,1.82195732810585,1.58532608352043,1.88149154125861,1.43438959393745,1.56153412336028,1.83542467905782,1.43319327884465,1.54197957064518,0.969538623628644,2.47517624404662,1.49462459413327,1.81231686859878,1.67639402889836,1.5966362768905,1.09800971352273,1.68812334990297,1.49794386687183,1.08599588202359,2.25309317160889,1.39840395773154,1.66797545506568,1.34590719064603,1.34706223395369,1.24971694941922,1.88139473711549,1.63098000599092,1.76911162522735,1.15219907263342,1.30181142808027,1.44951711558579,1.00426994815274,1.54569474995314,1.09909177381864,2.3581201754989,1.56209711491865,1.21258022060388,1.0919399167208,1.14581042308578,1.14878886786671,1.24932609367723,1.62576952029123,1.38042112075359,1.16026691961292,1.40722054693459,1.7934492418559,1.42319450239513,1.2459415166747,1.92592533251904,1.23333036294377,1.62448769444972,1.93653827091736,1.23316532937544,1.23895432995268,1.17934080807502,1.38151586105235,1.30757573345022,0.956908466171064,1.29425461749317,1.4546104360376,1.43959463296742,1.52975425258566,1.2803544091806,1.39546823554148,1.02470226218436,1.15614093857633,1.6114647815483,1.7488707465492,1.56194282529682,1.27628439118731,1.1489902594741,1.34526835914888,1.33915721454984,1.29062136341188,1.40240048669564,1.32890985152554,1.33347595862458,1.52576511017036,1.43391376983996,2.01961485465965,1.80215525669384,2.34144271937902,1.98824545420096,1.14215846391924,1.52208497776765,1.20938548776187,1.26665637829397,1.24696104499025,1.63467622488409,1.09852210227597,1.29500115414558,1.50643698338593,0,1.44139068838059,1.33121466945474,1.04965625046222,1.43175576396145,1.58738009517385,1.79011811772881,1.90413349370202,1.73032694742213,1.24603980584205,1.39046420164036,1.45440715897542,1.21552086875848,1.39951188113252,1.20486015080584,1.52026031196942,1.34283881360264,1.87672751988523,1.39980033552266,1.28797248488875,1.61397117503392,1.1512862367705,1.43580284693176,1.83372356744333,0.992563851910439,1.60498318967856,1.40552688085274,1.54592816619914,1.56166038805321,2.16218071883728,1.78755314252801,1.75878934856916,1.24059390037938,0.878672858624785,1.692790773888,1.63470911460359,1.30852529361524,1.4155205380546,1.39602178883142,1.58311468890111,0.915594591530553,1.54447541086677,1.40579503465485,1.75691431313722,1.54931821186046,1.55464650004296,1.93031612786476,1.59165781188161,1.46544861476654,1.96269342852428,1.25322781733516,1.48027339200836,1.53485856461687,1.25283843301072,1.38555823205053,1.30223417607433,1.37029172956205,2.13912131295292,1.60876804446232,1.29782595255631,1.25214520373792,1.39277869108265,1.80815352694263,1.91386736698824,1.59084504854102,1.19108921532492,1.32966436815594,1.56658329622433,1.57746451830376,1.0947979991571,1.63296993901011
1.75240609613114,1.90783326310737,1.64226546551612,1.62075138684155,1.72295501265256,1.6033699342819,1.98172962817256,1.50253126146662,1.7931191516935,1.47630458052726,2.03352610087382,2.31838933140852,1.74691926734359,1.884428795843,1.28001424760514,1.35144934917847,1.89168492115111,1.22024241876722,1.62602927877582,2.27447081377707,1.58054692482678,1.56252535347803,2.11326741274725,1.19830246325762,2.09041085569134,1.37553195135442,2.2830360812869,2.12355990375086,1.91822522065056,1.78541766486875,1.84320587502666,2.31137267275418,1.68803633143477,2.08263866638109,1.55086789716324,2.59298196664755,1.81839862899203,1.85919199950801,2.29536949574154,2.15804556153534,1.5777298108321,1.82745129349892,1.74310263098873,1.76959595493959,2.48693213421149,1.32060353432816,2.25297608149575,1.18926288476275,1.82202817444978,1.45988583364122,2.38972456603943,2.0091596904134,2.28802526380797,1.64302745445617,1.36326280569684,1.92606551769762,1.33091507149779,1.99836095321222,1.3492523111259,2.6477555049588,2.03072246578317,1.61256422550332,1.63161268096182,1.05261660588417,1.34040846184127,1.24376617300563,1.87822770674445,1.57150944115444,1.38953716472781,1.40698955156808,2.08257150967548,1.85646419012655,1.75564100149454,2.36277143480878,2.03537263056834,1.95280173662127,2.34510431656855,1.49317750403707,1.42563285893033,1.29542718076914,1.80559010243457,2.04010223287719,1.484601960651,1.75815214089376,1.7915732048738,1.83006176254241,1.90655726020368,1.64328295687816,2.08350866496279,1.37900706747622,1.22557313780944,1.98269273308879,2.58604514294559,1.65617997223565,1.70979924863714,1.32305465944621,1.77263921010698,1.67824705596348,1.35230637967115,1.72348311952615,1.48320031772267,1.43416194526617,1.400174366094,1.30061639571421,2.69314880629707,1.82131113361126,2.61813605106794,2.12651461561877,1.66389750859333,1.69843791772262,1.16115014160752,1.67034926521659,1.27671278527644,1.25718578950994,1.38456227091273,1.22684757969077,1.57993176056983,1.44139068838059,0,1.63487613148852,1.31739645072162,1.43024863866089,2.17057137778483,2.04674238988278,2.16105376012803,2.0480207599267,1.38277415399317,1.86728292748542,1.4550955722993,1.17056615583442,1.97477513926888,1.09814967854613,1.62554386906791,1.5992490256096,2.46330427643377,1.68053711219869,2.06692468430612,1.88616954790288,1.21744026193035,1.77762200734209,1.93239990402673,1.61655073688417,1.8986920261772,1.72679836421809,1.93757462283699,1.86227927065231,1.75209657147767,1.2410724178328,2.19428439863275,1.63006940474871,1.6782641364803,1.71004042719309,1.80899565636212,1.58068423523416,1.85852132582646,1.94004504565158,1.87358683419224,1.0196854365217,1.84988072377683,2.00246068851638,1.1951638346817,1.69364823720424,2.1380277398408,2.14422270560662,2.02522844852077,1.39093840252359,2.29484608792162,1.83704463371479,2.21020564357254,1.5653778677004,1.38514197219726,1.21351356580889,1.72143044451094,2.0452132646239,2.41191682293353,2.15433919251248,1.51432967149033,1.60978645641334,1.51578173847522,1.71710509207601,2.38019502642769,1.41703954154525,1.24917051507391,1.32505743034535,1.95863224981856,1.35521818722521,1.48195713156076,1.97903862069698
1.87352703378642,2.24009636632872,1.96819724797276,1.8239621111312,1.88098296001936,1.95028970190408,2.14564626142073,1.51765200643844,2.06872539139867,1.63516976136634,2.19511385262971,2.31307760481563,1.97198807970346,1.83120088707146,1.90927705517824,1.71287249440849,2.06306663968169,1.67119930114036,1.81432257091313,2.52096280181563,1.84571612552192,1.71971673612718,1.75983218467268,1.62037115283846,2.52773473042669,1.51823623889055,2.33425625782389,2.26540150435027,2.15968328655348,2.09612665372791,2.09041034952779,2.39531000501154,2.06231061851812,1.84869566386619,1.65895140878506,2.55662982259945,2.03030099917469,2.1176946922923,2.40361281643264,2.13351162099809,1.7451471247338,2.02964258787106,1.96033425007755,1.77406699911711,2.47865663603479,1.72065591948618,2.30975729593907,1.70604653946132,1.76901519838981,1.60836808544765,2.3580701791612,2.1810803189303,2.32443541740172,1.83658356034971,1.4142661996337,2.08552188363764,1.66539252708138,2.22943866881557,1.62749510607246,2.7027003465767,1.946016309069,1.71229318770535,1.8238014815003,1.57272848772363,1.71516129533002,1.53031162766026,2.22063645265551,1.96727890256661,1.80282975159218,1.81500940451685,2.19751140981528,1.94808930760911,1.99238845204164,2.3678998010186,2.2361784364436,2.1071782534128,2.4024781194864,1.79770187770003,1.70350940022989,1.36022882435735,2.07809016084198,2.14647258270658,0.960275160398199,1.75470627752077,1.83088011718055,2.16814795934532,2.09921362776179,1.76319811003097,2.18553104394519,1.56627855278002,1.61264532287288,2.35454586635377,2.51110153778327,2.01222161237365,1.94165459179522,1.74940373167321,1.88601884877328,1.65940567221163,1.58078984372527,2.05072390826259,1.91587176110382,1.80073707724301,1.80522678498391,1.74627561868105,2.69331364799591,2.1468172161937,2.73617267464138,2.24022611092835,1.77853923031999,2.08442936251452,1.55198705518061,1.78600157983355,1.56027414100677,1.61296501042945,1.63274648906333,1.73654059669624,1.93379572997856,1.33121466945474,1.63487613148852,0,1.55919885036569,1.52698990836801,2.18557689078816,2.12755412203124,2.32068182148588,2.10989343102798,1.72409531805297,2.16770030752389,2.08363662503421,1.67469486178094,2.1621593576801,1.58266532422913,2.01343515619176,1.88211305598664,2.55402619771124,1.97482611410524,2.17324983614048,2.08701911424581,1.7451150227008,1.84765152570831,2.18303831685018,1.86928623735273,2.11638900566957,2.01933229715866,2.00984919530757,2.00398447128767,2.16260507227668,1.99602661178531,2.16766735703517,1.83170820156283,1.33094647633368,2.120692549886,2.02995485989046,1.56326241724539,1.90576014087757,2.01544270803035,2.01045710329036,1.51208434378945,1.97886805025428,2.04072896995893,1.57899226101313,1.70845818313738,2.29105420189231,2.26568812315121,2.0274320889992,1.68447629927999,2.42502978991923,1.97782880160468,2.32417684551253,1.95628886766265,1.57929614879656,1.64793495309619,1.92040376982902,2.0805593222598,2.4583573787055,2.35774957026727,2.04703451180657,1.84895034624687,1.90514952702025,2.13479262261656,2.38597681195447,1.98102929791593,1.6133028308052,1.6295643538983,2.11339856915459,1.95845652730852,1.66669980254515,2.10787643547845
1.49684410822875,1.93488330245701,1.71921505951944,1.28776031184116,1.55336711166841,1.3626128377829,1.79203801236185,1.45675247934776,1.58315086748081,1.49914936118983,1.86170299259922,2.012091543554,1.44481395437469,1.79170667181324,1.49741417455357,1.09834108383862,1.54609542792259,1.03785571334611,1.5606182917931,2.39534088337865,1.71735970163103,1.24333299317372,2.03810438759226,1.45383071408416,2.21565353936933,1.20437230246962,2.07288818075483,1.79241014812026,1.96584066793889,1.6550222478581,1.73302564050956,2.05852830456496,1.91454710527897,1.77910635274228,1.29662621337941,2.47756388292801,1.76032193284884,1.84013016096734,2.07123037481724,1.87705218005679,1.39210609995645,1.85138484105805,1.68235797805902,1.50128025974654,2.35402822304989,1.40728156705622,1.90658073770428,1.52263288500794,1.62106723045108,1.38709496651606,2.02850881066608,1.89204466027861,2.01098049501315,1.51994583445554,1.4531650943398,1.75388372098298,1.2332322217062,1.89373880613799,1.46397382828567,2.50389064196524,1.80451172424957,1.41560094518852,1.42171531313084,1.30949876397022,1.26454330786304,1.49513419650174,1.78857486790589,1.52936836357091,1.47758409889202,1.43241713574154,1.97510586859676,1.58950335979197,1.6053114395197,2.16029375256552,1.53196349611628,1.81449743269764,2.1791520454047,1.39209316976567,1.32527027032892,1.43139467514551,1.63627633904264,1.68957566215874,1.18955538530894,1.60005657528577,1.65881202523592,1.74703969782231,1.78177023760888,1.31137082900765,1.78563331612712,1.39420201999698,1.52695160061421,1.98398999372444,2.15732597957742,1.74198943791343,1.36071377840344,1.41695236258622,1.5186741864107,1.56672942969877,1.49299983168208,1.54610814605758,1.48749912389467,1.40503274846764,1.5909539785429,1.51393216885136,2.36335132402101,1.83774278744496,2.51833620399343,2.06416654625507,1.36665112887428,1.73470415856354,1.3423758873166,1.52769163159942,1.30009652596682,1.67884716277586,1.31601936340756,1.33428320021356,1.44141483193388,1.04965625046222,1.31739645072162,1.55919885036569,0,1.6558842297994,1.80807433116261,1.91849394920572,2.08651858194516,1.90761779621615,1.30391549903186,1.64694748317282,1.42274664094897,1.19491117463443,1.58955745673552,1.20971959605823,1.60652135428782,1.5751681209035,2.26731382212753,1.55538933641953,1.71610249042625,1.7567552946686,1.23353157670262,1.57521688598376,1.87693436212581,1.20250163691931,1.66640011076405,1.56605386174916,1.6727914112295,1.75857787019569,2.06119109777104,1.41860399644107,1.98114346120102,1.41130699871739,1.25361516470466,1.64581116469675,1.70231599007378,1.41399240507815,1.60792429259306,1.67851213103983,1.81735380072313,1.10739256209581,1.63303150342496,1.65250073500582,1.76990117773921,1.61919118589354,1.82089631300994,2.05379574848954,1.73894662756092,1.58475610482675,2.22170577446611,1.48992109091621,1.96308002304085,1.58865549319733,1.15185544557633,1.37153506670946,1.60874504187549,1.71078495296481,2.26432648381101,1.87358288709833,1.45273773565165,1.40747096073385,1.46929726749331,1.98949448390755,2.14558934375846,1.54580363696569,1.20369076061938,1.437853249626,1.80268365198291,1.61160378538866,1.37996792009452,1.77465141781507
1.77286837322148,1.62070167248358,1.46208653613387,1.25460305448972,0.987151931722793,1.36421831736078,1.51584396594476,1.27216899744046,1.5093621540951,1.0533691081698,1.53426332857958,1.63432449407341,1.53628988906838,1.45701082532139,1.51406652040898,1.59225182137055,1.49572940644656,1.33577657471534,1.18269474188486,1.84180025756342,1.24435853615337,1.25070554809309,1.51953247612457,0.983487606447616,1.8177867166025,1.05685008997088,1.60152888689173,1.68102521701742,1.43523589601457,1.53033253790321,1.46811907840805,1.7446210391792,1.52331859445491,1.18644123315004,1.36340702289894,3.00490299592704,1.45194792132107,1.66675134703204,1.78003585258997,1.35093298501754,1.22864542083142,1.31528182059771,1.25898528404447,1.39208896097899,1.69416731240985,1.39347547523678,1.700351410311,1.18100947303137,1.49083226866907,0.93875916617481,1.57942717823056,1.52346064418346,1.54562174076772,1.31291294296634,0.992646799870068,1.39429037612399,1.13614326281119,1.46868392590849,0.904923328176318,1.74550776604162,1.2984872160636,1.38653272804922,1.28300316696183,0.858041910439495,1.39641989091659,1.04016031093171,1.69892680264998,1.50218601430819,1.00237941979838,1.40352644893244,1.43611131321569,1.3782046115801,1.53627942014353,1.48967682198111,1.79443485253301,1.2913825705325,1.77424184907603,1.21532179434576,1.19018812887041,0.996802486299782,1.51260535005375,1.49715814475654,1.2884864181258,1.36983542172621,1.20371034028387,1.75585581019122,1.28213141707606,1.22216385146437,1.65391226644723,1.35685861768067,1.3900551774305,1.94060344801634,1.95389726875414,1.39523333579002,1.57145993916215,1.23296104764979,1.43173252740964,1.03457440775284,0.973801547311345,1.66087258240274,1.70681797443786,1.14706569070542,1.58261202485489,1.30991520642584,1.98283359348316,1.68189262389896,1.76579240463479,1.65870385180471,1.31924477072571,1.8266177879232,1.27601696081711,1.5078272740386,1.2156745621575,1.64063385592296,0.938063776499814,1.66916075469696,1.38420789361566,1.43175576396145,1.43024863866089,1.52698990836801,1.6558842297994,0,1.6423099430984,1.35488452445941,1.56139319508967,1.16020278700712,1.48974352958489,1.56402033207632,1.6817430643066,1.53478290946981,1.56275165472297,1.37247729093502,1.41648494841301,1.11371839583811,1.91991826895547,1.40592551414323,1.62306230798479,1.7515511845275,1.35045214440024,1.21274893388253,1.67616480341356,1.44311754937013,1.53563433281109,1.24810376872997,1.39350214037786,1.2529843695342,2.09262226832776,1.66919417012611,1.5527592021759,1.16238456723319,1.33079767982281,1.66611068829638,1.46299866685727,1.14776930542929,1.41049559677512,1.31341043712368,1.31698604146704,1.27247400779019,1.38436015012671,1.25392584302289,1.78240439083664,1.42138358774397,1.59946020239892,1.54143374042423,1.48466604567696,1.20958985659053,1.61152216152528,1.52788812355287,1.64865226986752,1.46369692455363,1.38961387114,1.29624450934537,1.22146556825716,1.55011762075021,1.69026164096479,1.78200144792995,1.77472193868508,1.27957164328959,1.43086432612749,1.4487903862182,1.68442488305285,1.66543318408458,1.25606096448664,0.999314182042168,1.51042040809537,1.61477552110162,1.22425442349477,1.36208772703456
1.66846359882691,1.30562866344943,1.79853474003969,0.915335194164857,1.35643679616879,1.12158080869642,0.610549191162006,1.24238209696544,0.773576235580006,1.13989874246683,0.940400343351901,0.808884685898701,0.813862562160229,1.1375552380037,1.97309566000847,1.99424972836552,0.660938856115434,1.62198229806379,1.10518303543717,1.70456776256011,1.40965906126507,0.782070476936348,1.50909335628993,1.79472285459412,2.60028508065918,1.15901738283032,0.877552080559148,0.661026105719528,1.35481771627808,1.04450706018914,1.3032034562793,0.74541503239078,1.95055080715482,1.01913076831297,1.0001811232483,3.72035956053695,1.15802262448991,1.3493701455213,1.09408092494165,0.941508434982895,0.869866258077627,1.13425849952199,1.00697113531083,0.893727874983788,1.28790668718196,1.57284389275443,0.519190817213389,1.52368685104292,1.13010509404315,1.23888419910212,0.963173909482843,0.812149679000877,0.65172180152246,0.77597305381346,1.46377446172405,0.616653423119747,1.41761053097347,0.972395195048978,1.36293362870355,1.73996934679825,0.743550017796376,1.15797116414396,0.795773610912011,1.36044610219859,1.42037957253005,1.72815378670637,1.19225248028074,1.10901255495408,1.2567668443584,1.28505034571987,1.14474326449528,0.827334500783526,1.34702857099003,0.926504984174901,1.42404911084995,0.925745451883496,1.33085667152465,0.874297271972405,1.18682536556066,1.5418301367502,0.950251656835073,0.732723371203868,1.72101619077984,1.10718876336459,0.946937062460564,1.18993636313021,1.01388913187573,0.953713373894895,0.751772989823656,1.79831066401888,1.87920159665005,1.94106392457293,1.17080003718877,1.51252374930694,1.06566741786376,1.3802370607129,0.886339562885461,1.18245257280079,1.41862018083575,1.1064127492364,1.55039501287997,1.61806548040891,1.65728933027595,1.50947284215881,1.13042892896105,1.48294139853277,2.15798231964428,1.45230884726201,0.999379691009819,1.77647797194407,1.70262911190044,1.45966728242667,1.48715697869364,2.41587957952857,1.03237167370221,2.11313749489621,1.20869198795443,1.58738009517385,2.17057137778483,2.18557689078816,1.80807433116261,1.6423099430984,0,1.15823517263828,1.09133154829761,1.6010606469981,1.52067105764546,0.988585069455949,1.42841115746576,1.85965284111688,0.715575383251408,1.65803647372054,1.27739331595912,1.15574783931316,1.39189146332819,0.932452277515604,0.932621249776706,1.37041427175262,1.48740986229358,1.13837871589257,1.27411014897133,1.19887817939785,0.909836996039029,1.21341407377482,0.648046629514882,0.92334939059665,2.92320520570394,1.78020314720586,0.999047527317471,0.823480696962154,1.60307162124486,1.71400880375901,1.04302405140847,1.07650618525959,0.822132844371499,0.91265082276512,1.00499889231405,1.58172041416515,0.745814078447973,0.739528457830063,2.52912682071452,1.41844683641208,0.779338065194263,1.0504169968319,0.71796094624938,1.39206362565653,1.18098003520916,0.656531270054754,1.03403822041678,1.25681380114054,1.39278709184442,1.40390101797553,0.901993460865105,0.570929340433952,1.12559946449212,0.814372299120382,1.79759812485189,0.815465892955634,1.35784471883976,1.54987960950792,0.914597893254566,1.52898638132858,1.52234257213003,1.42301388269811,0.918003007482271,1.75673465414342,1.0021489882126,0.791745621838767
2.22862947644682,0.728450365174585,1.87006352940528,0.918303578532683,0.876552364363697,1.0852491720045,0.746910326666308,1.37782343883486,1.13677787865504,0.971440111658159,0.690462638347798,1.26327359109787,1.13947106669171,0.918385325407484,2.01073765419899,2.10361943607694,0.952346220977564,1.62974240743146,1.10485663179187,1.30562352869846,0.761099850922691,1.08838578773995,2.00055385499051,1.59393398389795,2.14049756102383,1.45166020298389,0.852021208185524,0.885607720933256,0.594987875778593,0.853625385896508,1.20206062797128,1.11677374381381,2.15508081317435,1.09144273068699,1.37110103242267,3.85312670036006,0.835621684473384,0.905032963173724,1.46143513225071,0.962163763910815,1.13638704428476,0.62081817446543,0.550163015414838,1.32179796451366,0.727191223153507,1.31251992187201,0.974359122780395,1.4260875324415,1.18360556295256,0.879849893172237,1.20924488599746,1.07103648262786,0.832669029444105,1.29405058108986,1.40516030431087,0.900425341065195,1.1730109428545,0.999128045954978,1.41501118652637,1.0718766981282,0.940764244558025,1.08807337457141,1.190543070561,1.23044766760991,1.51347391085255,1.62931619003137,1.06500558883469,1.15074798209289,1.04210152650103,1.0734575686429,0.619457521736623,0.614917430045612,1.56819333923367,0.817095065614514,1.80671043536284,0.613225070093917,1.44165612548986,0.833959881698508,1.06613778728766,1.22241277998431,0.904726532942475,1.29947921888498,1.66491282187459,1.02332012501332,0.559290670792934,1.52613691595617,1.12041258873607,0.821568123092259,1.53716428458444,2.10352254031043,2.15577205822706,2.11794657126156,1.7933182981564,1.48012563487891,1.03432962345325,1.43988405753402,0.822512525765278,1.47064361052892,1.04882714414926,1.21043310715759,1.69689959651553,1.44537079956578,1.53612866433274,1.15972961810072,1.49683452266527,0.909561521160275,1.76623445661249,0.645525830468167,1.03581520010901,1.90735130583941,1.6527236558974,1.73302841174077,1.30496962076715,2.29560208603839,0.873943259289286,2.24113088050299,0.798952222892312,1.79011811772881,2.04674238988278,2.12755412203124,1.91849394920572,1.35488452445941,1.15823517263828,0,0.632977916614681,0.989282496455791,1.39351555173603,1.05730454538547,1.32677092034276,1.84872652947575,1.20459601627003,1.81883837253055,0.854850601359372,0.71685097214194,1.45590493800957,0.837976970699878,1.48885169073586,1.4252552206901,1.65675941596268,0.837828406928964,0.800467179289512,1.50101451899768,0.806612741113994,0.861412617291529,0.649245643006059,0.632091986927903,2.76074678207963,1.49526675786097,0.623073439214584,0.800091196852608,1.51295209130222,1.920810409279,0.667475496782647,0.78671236401126,0.722618093242241,1.0117078742253,0.743583570652459,1.63491611809241,0.696098084135443,0.810411183266722,2.60733686067845,0.897231154920133,0.922922419316085,0.443445301886251,0.757614390708434,1.23344379628716,1.04482780613641,1.18066390695597,1.54434890982353,0.994650800003246,1.37492349844323,1.19966059155145,0.704402207260295,1.13515543452602,0.656685616530273,1.08793247567338,1.88975519700814,1.06853412590699,1.13700526580717,1.19915790113115,1.00630860975618,1.42469146858215,1.33840962401208,1.01005600112836,1.08191491379453,1.51259322627331,1.32537871156497,0.580282130630039
2.31607090709134,0.737893566532018,1.90111257499471,1.09723230117829,1.10735689417235,1.19356788878001,0.727542851362588,1.25651542446729,1.13257311507542,0.939968618930331,0.606493356579191,1.26660105201188,1.1472252631671,0.834289987647578,2.00191065361396,2.20845307181079,0.940691241858178,1.76299799515672,1.00442836119467,1.04439250775359,0.908251415091901,1.18831260919639,2.02591471650327,1.71243966667616,2.40239105584392,1.54400483698536,0.605828754821825,0.829466676691494,0.628193879241415,0.941119721613862,1.10103315544765,0.922643498863297,2.19281713563876,1.23082166444692,1.29458689401133,3.96971807709423,0.615313642753055,0.944945842664746,1.13105681652757,0.931618713192061,1.10927038384461,0.693799353765775,0.679417197970106,1.2010673799199,0.675190054976843,1.38523029723404,0.816858097873693,1.45399037669034,1.08735784208286,1.07682481084522,1.28426614947879,0.963673853625517,0.823279569055801,1.26349317770996,1.52297994000044,0.823011604463386,1.30641398883777,0.709495942038579,1.44468744903158,1.18705382675109,0.915189550113147,1.10657359977999,1.1231285322317,1.34459132818356,1.5049761732523,1.73204710804647,0.895758384868841,1.05451344533606,1.16624377795586,1.10501763507432,0.599037159717213,0.73507876573487,1.43426668712462,0.717768488126276,1.74786732136723,0.642867241083938,1.23596015059261,0.962626844682653,1.15712429817668,1.32648615671432,0.810979458809588,1.26078416199502,1.76432079554482,0.902532030727685,0.728388314148962,1.34406294555727,1.03598648556358,0.997161968996919,1.48548457577997,2.21369476979465,2.22940602744469,1.99096811320074,1.64931559835578,1.58006075438229,1.01543854219782,1.42107254723373,0.893579928764856,1.57567865581554,1.17829054315828,1.12110535918869,1.74090222464503,1.58504387717248,1.59887184981268,1.34374626227941,1.23692594712652,1.02131791263708,1.90898034764002,0.73461031851018,0.986629048021679,1.87772588665097,1.65053109265725,1.62131289645838,1.4070028807375,2.41259679227208,1.07911815290356,2.35207707456151,0.891310627137359,1.90413349370202,2.16105376012803,2.32068182148588,2.08651858194516,1.56139319508967,1.09133154829761,0.632977916614681,0,1.34339465410657,1.37465373313641,0.942103063812972,1.23109054145219,1.88751761684809,1.28551109668753,1.91318337088949,0.968843308362527,0.83357932790147,1.06035497747031,0.941959636861486,1.36481207219378,1.32334733729401,1.63702512462429,0.836589466859526,0.802224386349657,1.47893846849532,0.855820648208425,0.987194231014315,0.745549896945208,0.511511096604613,2.82494580152378,1.55211609792226,0.510823631932558,0.837520660824148,1.69301980255209,1.93979376772178,0.744594657069785,0.97134694547045,0.885882234386251,0.960470667585277,0.46998306415254,1.78558509284129,0.668069215100008,1.00034375185447,2.70894901757003,1.04129257636213,0.842797584195791,0.43209970388798,0.817120077580007,1.25291223330027,0.700025243349608,1.27998563973089,1.37410316597658,1.10082269229013,1.39891799673579,1.30133911968458,0.761144400381074,1.07010054320656,0.474112835906996,0.943420726014809,1.81916249986235,1.17140515660087,1.17058276605192,1.14052502408408,0.711418044788513,1.39084711498459,1.35225388758764,1.23928311747774,0.860767199988111,1.57512950552294,1.30466136312486,0.774067074913426
2.21218949101776,1.51974036702179,1.52183554156401,1.14387410128107,0.828635927277754,1.18909392313475,1.40029478268097,1.54771379943369,1.55363967411221,1.40468939341356,1.4062342172957,1.65490752743059,1.60638861496646,1.36546194643327,1.805512849474,1.87630145856217,1.47165469050316,1.52661307374891,1.29069796204829,1.6182245612286,1.27157954937264,1.4189739293638,2.04172824919523,1.31725835589983,1.45512813207541,1.56871478187404,1.45319038643978,1.49147579829961,1.21412250306684,1.45691894895905,1.15262185888445,1.54205341814078,1.82323122578973,1.41366941923381,1.58617350585769,3.48085625971248,1.39247637860852,1.50879229272498,1.67833560569459,1.15475762025421,1.46980398341325,1.35820148085138,1.22352655602952,1.53310360375424,1.40190112608111,1.46772878014446,1.55875810510738,1.50238659077058,1.47519743201802,1.1502363668011,1.28987090459021,1.47854148708076,1.26197742262456,1.48634682224906,1.38724542709185,1.42449882246646,1.23494634453714,1.32421074228102,1.44109255262074,1.01096585529899,1.4704274627151,1.3388136712002,1.38321547985402,1.23092105070323,1.54486016721435,1.40381552923757,1.52179628412006,1.55931528856462,1.11340302188791,1.44211826751006,1.375432205386,1.27852251748482,1.48600644090029,1.17466925707831,1.60257480720838,0.983310251119767,1.66881591344864,1.3190722553034,1.36514311105811,1.49994473172642,1.38886837908619,1.41098001280862,1.68698629077436,1.46121253418907,1.25372933613634,1.74902374784591,1.06302653212316,1.21019900482525,1.81263679443881,2.09848572335155,2.09918956804972,1.97497772219149,1.81362719842978,1.2936309580791,1.52224855198659,1.4136128664307,1.45911636215167,1.27473918398886,1.38131393599048,1.62107524688836,1.86551325598023,1.16254530732537,1.76303339335742,1.4941905759868,1.66424049770089,1.61870531070883,1.08990471611341,1.51115157080091,1.31219637506911,1.91438462756835,1.62364856525907,1.78444425035184,1.35463909630641,2.12202700974936,1.07226982135275,2.04117741008931,1.22865646533691,1.73032694742213,2.0480207599267,2.10989343102798,1.90761779621615,1.16020278700712,1.6010606469981,0.989282496455791,1.34339465410657,0,1.64098397067592,1.30966511101606,1.71014603904739,1.75715124061626,1.51652759539954,1.78261587809877,1.29540539010185,1.18839185119748,1.72698520156659,1.40475278238825,1.59699766235949,1.62809416810293,1.59663261563828,1.00271217400182,1.52092966973192,1.4800724781886,1.52707398567405,0.928907841393131,1.2034423600634,1.1286390956927,2.3589723939949,1.77361826033889,1.40240648267495,1.16865120899587,1.39223720157684,1.65901895411111,1.33862892535132,1.20860382135962,1.40743537485583,1.08597810924352,1.26007322229382,1.60811412586109,1.25200509682256,1.00844446604652,2.47683362281976,1.34091607233904,1.25140262165963,1.34294455087663,1.19686972716101,1.60029812852992,1.36007707933349,1.59036229397914,1.55141124152789,1.48822205274062,1.52970112933744,1.51052921279106,1.20043585613308,1.57773114700773,1.39948053288943,1.66105566422074,1.77036093669643,1.39972171066862,1.46214010277104,1.51133060736581,1.45674028326384,1.79963285019558,1.57404478884339,1.21013468513118,1.4156141729645,1.6962275027745,1.46176689628324,1.02983153772312
1.87425121499638,1.31131476495775,1.42828273695558,1.09003881945887,1.13770700539844,1.05108930720186,1.35676447723183,0.841862253669374,1.20840081074337,0.954934952600471,1.18598415108719,1.8049870411714,1.11268241311692,1.13893617499346,1.24112229703874,1.46375750697714,1.19875556201382,1.11058715416404,0.877106290288172,1.40515140308587,1.03660768623506,1.08472010644346,2.00815228190864,1.14759237636331,2.05547726851379,1.13700131270115,1.46115587766735,1.2644098323082,1.26644316872384,1.11836536695004,1.11678810686176,1.45665908345852,1.8881597437666,1.58941013035259,0.904959401422142,2.99138211051882,1.00955746975595,1.21941860442564,1.41916287039006,1.32342746971003,0.981881676423299,1.329275319922,1.04490925711483,1.06735166095738,1.83203665325558,0.874705635115097,1.46091108795746,1.07217832112961,0.786762602605085,0.869381981083234,1.86858883361015,1.29429139223536,1.64375521488943,1.20809696660006,1.06064044032383,1.28406030241855,0.960026806576904,1.25696470376836,1.06263009132627,2.05221393207785,1.3936702059732,0.776879161278553,0.989994746229901,1.03547263668419,1.00706533363657,1.30433440959864,1.06877399162586,0.935455684600916,0.986070848125668,0.758482993356116,1.381328484519,1.07465318294956,1.08058210097558,1.64714949550433,1.45105903727001,1.27378644839646,1.418472903045,0.994135888596136,0.96933009135759,0.894844949090611,0.983288429902373,1.41137283009327,1.05441051983105,0.775320040664164,1.17589391560473,1.14158974991412,1.36111041257211,1.02793693990784,1.62877670756178,1.66882046538316,1.62151204409985,1.47842653277774,1.86941796228453,1.47238763625946,0.923357670726519,0.929923164532082,0.996201537977695,1.48039563040886,0.826868456767521,0.971383720807202,1.2345277826511,1.07413293731749,1.1609440026191,0.915129850276318,1.90398352761035,1.16002805477862,2.12914511804558,1.3684754524963,0.886504841095307,1.38214247374439,0.8327060297719,0.912301339412676,0.943116935687602,1.5269126717371,1.0245223469974,1.58415672901159,0.823707322389757,1.24603980584205,1.38277415399317,1.72409531805297,1.30391549903186,1.48974352958489,1.52067105764546,1.39351555173603,1.37465373313641,1.64098397067592,0,1.06161672308826,0.850412286067774,1.16961825525974,1.47985723415856,1.17005872106655,1.01589329012269,0.962864768537236,1.57740716076978,1.10943085007816,1.36568396354949,0.970090921007605,0.995531062087378,0.992170816079497,1.20573089832889,1.07538261004137,1.24949443350711,1.13856581251043,1.24903763979573,1.09220907127982,2.09208717396861,1.12684457892502,1.43522238103172,0.996161761512667,1.11962686367978,1.69499979099578,1.14253329816585,0.984192101179118,1.21335894129411,1.11935908399766,1.07244252268376,1.01703997901909,1.14894173818147,1.40599238971388,1.97146457567592,1.00532555128334,1.3166801231519,1.45701244813143,1.33179967368499,0.96264312756604,1.58147470330446,1.33786130338482,1.56132309388191,1.09989808357264,0.922523637706708,0.955513905551098,1.10068511745522,1.34138321544266,1.68935372205111,1.39830721694138,1.31633005214348,1.18697387611551,0.842286170656946,1.45596907330882,1.46777108686935,1.02005956958661,0.643091148003131,1.05338747937,1.04910293082423,1.02159574069422,1.04551723369102,1.3694808931268
1.84401444719037,1.09967827650968,1.30654478739432,0.787330946882354,0.916426444911389,0.524668828284854,0.883504188905939,0.994519567233974,0.722661973725172,1.06811924140457,0.911205313346928,1.25968286232749,0.757145332998098,0.993520425451211,1.52811197469377,1.78620765356921,0.7159357144005,1.36453134920614,0.859319987780357,1.29941421499664,1.10770030252338,0.948231562831907,1.84594865935879,1.3475933134391,2.06316066682381,1.23095804447882,0.997325966096354,0.732313394757404,1.07799938029851,0.764312498453973,0.764833184812039,0.943277123576612,1.76213910504536,1.33642887949836,0.825356166112596,3.51422106767241,0.698460382239467,1.08498872438933,0.887171959813551,0.925072953526456,0.83206819798461,1.07912617984618,0.837933119975074,0.718268206751288,1.46123725072656,1.12656051447311,0.855938142415747,1.14388333121571,0.884398589295911,1.06155609786969,1.27552549425405,0.907741663776018,0.991692288952958,0.7913363678351,1.27355606138437,0.775153610479545,0.951397631591043,0.570223166118045,1.14842036782386,1.50899026384649,1.08960163889311,0.673337004902876,0.713184777674596,1.12431007673451,0.988345840142824,1.49755258250362,0.591562157744397,0.6792507912842,0.817387575357522,0.888917327331406,1.12842056988535,0.761171494800999,0.858521454659638,1.06943664729622,1.03374322777708,0.689669541314707,1.2302980013394,0.815494022433765,0.954667588897949,1.25185169690739,0.469606333249561,0.731754811444511,1.53855790539817,0.783479427090199,0.977310772323827,0.687462841909456,0.766172151531086,0.951774904751174,1.1455872985592,1.83217003344517,1.80613622513357,1.32773399806453,1.2600060536117,1.14055199821285,0.745322804112621,0.886023942280907,0.805974176616294,1.3233704501211,1.16432937475878,0.68206533866943,1.20647293618657,1.20880824795287,1.31216312375349,1.18626900833519,1.14664206028226,1.18867825322594,1.80406716422766,1.31728253007126,0.780802255455854,1.28167072336778,1.27646500361334,1.23376857812567,1.26447973435363,2.10170599306366,0.894031295561562,1.94366351615715,0.774544093512038,1.39046420164036,1.86728292748542,2.16770030752389,1.64694748317282,1.56402033207632,0.988585069455949,1.05730454538547,0.942103063812972,1.30966511101606,1.06161672308826,0,0.837133252588445,1.54371280660917,0.935917479095197,1.41333642715125,0.840955962042673,0.834229460464981,1.00185903653496,0.842712848512149,0.779613347714931,0.971855543697232,1.14567532563558,0.79446630904584,1.02966167046116,0.92674241066131,0.978217252707612,0.56883923010057,0.806954296960894,0.714062783606578,2.50702702619535,1.41016458235922,1.03140111337498,0.600045380122022,1.36936128528996,1.52309819548533,0.91431842529224,0.971098291029894,0.938948714461978,0.679642340757294,0.733179520964943,1.35186227428049,0.761881028027875,0.808973258543902,2.3804230962296,1.1267623548253,0.452510978972459,1.12437029889339,0.794676197067668,1.1616430051839,1.01110561674936,0.951280508045825,0.984436914263098,1.0203851389636,1.18832997891359,1.14207364185835,0.722475448148752,0.823664056715599,1.25527598904656,0.745882049035244,1.28259210483924,1.00461548769506,0.882375224744423,1.28510537741395,0.998108102902588,1.1090807208096,1.10978312271886,1.11963170997299,0.708264665445684,1.25871028698125,0.873189427025004,0.820009176534456
1.93188873371092,1.03954271251094,1.52833057315341,1.00671912164464,1.23347839394063,0.840275697780073,1.13104899508562,1.10381589177039,1.01803554940443,1.04410199316204,1.09284369269156,1.69458598945715,0.895613158893818,1.16939297263176,1.44297625789215,1.70215077747878,0.994132928774412,1.26549354349358,1.06003442259006,1.53212786556801,0.989320036399992,1.08255568240401,2.16987330660504,1.36066891016626,2.17672764493455,1.30285463654685,1.39186652458471,1.10624086863915,1.16080762663773,0.822700969725062,1.17699709542824,1.40651875466397,1.98824503288624,1.6688096197228,1.01790836587431,3.41937822630597,0.834174981351095,0.994204103395897,1.44119168741763,1.45591317007882,1.00954437658153,1.18740874609924,0.995651416800365,1.09193283558538,1.75353615053782,0.925931973435043,1.30835410180127,1.03657218108535,1.08023466651565,1.07441121940447,1.80518239211403,1.2538337364583,1.51224795417835,1.12584154442677,1.35503061290177,1.12436908722071,1.02450821850573,1.12546156791144,1.23072157744612,2.0026256028761,1.42002210092178,0.796394741646111,1.05524315301693,1.10024539649567,0.932461567144282,1.49705527579432,0.697888610956842,0.580585339199528,0.962887283315055,0.701573281310213,1.30772658303042,0.97598254284018,1.18381864131896,1.60609050158257,1.45162400248533,1.15680892183275,1.5779231770971,0.906997493911951,0.968412133571728,1.1336663331081,0.754596186142297,1.34670317896714,1.4947829923926,0.970053568753645,1.10984497274309,0.932584556276598,1.31413825587865,1.06966827657735,1.50254313645517,1.79962658550205,1.72416971559369,1.50999111918599,1.91588210514995,1.33730497821513,0.747408522166374,0.989845828257488,0.894148883376349,1.6323856171992,1.12776943631805,0.661470354299104,1.03588688335122,1.29623506543237,1.04091998318183,0.965427380978218,1.83740922610265,0.978985312863634,2.24944561269397,1.30209493573006,0.962343169923238,1.26040543284215,1.14540168542906,1.34735548778995,1.19828103467828,1.90830820981938,1.068517268391,1.80780228873018,0.690033748516364,1.45440715897542,1.4550955722993,2.08363662503421,1.42274664094897,1.6817430643066,1.42841115746576,1.32677092034276,1.23109054145219,1.71014603904739,0.850412286067774,0.837133252588445,0,1.33674274292857,1.26638497793438,1.26919306379969,0.762601407456715,0.936959251741272,1.51447972568719,0.881356325935642,1.33153965699412,1.07000924365422,1.04822424775352,1.09655800098778,0.966767436670309,1.13842454301151,1.03776423085946,0.955514526508956,1.15500435442458,1.08205228804978,2.3445438026156,0.856184341972534,1.30849599449235,0.898079511857706,1.47814448354358,1.68009358253268,0.957268486740754,1.01427766715715,1.08311978768668,1.23328681413207,1.05909090745932,1.29512834706611,1.01361471840897,1.34623603372353,2.08907731765557,1.0646704672713,1.14408121843516,1.3294842363775,1.20504887820771,1.00334246101468,1.49985405520094,1.20189852224326,1.57932620158619,0.840911462713157,1.04990601135288,0.863744759437876,0.949773304373481,1.24324864650776,1.57383879908534,1.06952031582033,1.28364160032795,1.13124438450265,0.70990821003282,1.34607689807021,1.48448693160924,0.656261564760199,0.893109546274871,1.07866594528805,1.10636399276229,0.948929643726251,1.07650303129071,1.22211900936653
1.75951062050641,1.76380587307145,1.25054466286158,1.25243025538066,1.59057476354911,1.37128558124615,1.74305467316551,1.11074450846365,1.63867598844929,1.27193569206766,1.78015066025772,2.22924795655076,1.54447386098615,1.46188408861723,1.04871594169901,0.705518904923067,1.72592845677259,0.737414885378911,1.38736638735407,2.013782280144,1.45433449964766,1.27330459961208,2.18844309808051,1.11586274992087,1.86058587410152,1.20050603750358,2.04313104865894,1.8339175328048,1.66938519654242,1.66811463120546,1.44402718499058,1.94933496585404,1.82638435076864,2.00465783704899,1.18915881707358,2.39472207604407,1.64388348112408,1.54422985060599,1.95967902154369,1.85831820370484,1.33036419451411,1.76866609485274,1.58060472163122,1.39711550398157,2.23038799939367,0.927601724401421,1.97939020128994,0.998017596689837,1.47657151767513,1.26301427120172,2.19749905847927,1.75365740492718,2.00153606423947,1.3812152079272,1.17208495423105,1.72999074620603,1.18715710970071,1.76134162252774,1.32261587759257,2.3916457440634,1.90948775754902,1.20386103272167,1.21569506295051,0.985540690782585,0.858234174877699,0.832125744129248,1.51844637364596,1.30941433039149,1.28674818507729,1.11351059976654,1.97097450778526,1.62739668830451,1.18810036072569,2.07936863708793,1.42787767323753,1.65815948065557,2.00002959749472,1.37774450121841,1.52369473757086,1.35846789547459,1.52545905550848,1.77451928042009,1.16097560740332,1.5158008887139,1.64145570178596,1.43006687493877,1.65110831446869,1.3022348263327,1.92790285701215,1.60124964227436,1.50757122418134,1.62917810717392,2.25111712390744,1.29070762980847,1.32950209620633,1.03733603420563,1.63000332064221,1.4793193447389,1.37492884665789,1.32335237710097,1.16693255077561,1.09226199496823,1.14631578221046,1.25487005991968,2.34929889423726,1.6839225641784,2.28983941336738,1.97193448872205,1.1841340664484,1.33829582176908,0.792488655228157,1.21008919231729,0.882802742943396,1.13644841796603,1.24158589337493,0.819513038800538,1.32726062310786,1.21552086875848,1.17056615583442,1.67469486178094,1.19491117463443,1.53478290946981,1.85965284111688,1.84872652947575,1.88751761684809,1.75715124061626,1.16961825525974,1.54371280660917,1.33674274292857,0,1.85929365056145,1.2271594585565,1.41113773555673,1.49403771572816,2.14078980953525,1.48253944406701,1.75615272047562,1.37277660399851,0.799824618239603,1.35202966719691,1.65930538844623,1.01885830581361,1.84813380425847,1.53055056115479,1.6072309288835,1.56781478651567,1.60178355190005,1.38587197223345,1.98685282550493,1.40508701054021,1.31044235901038,1.63998252122384,1.51073788013468,1.28699509829207,1.70201304388613,1.52531456201582,1.59353681576495,0.879152811680295,1.61910257837637,1.76067379954573,1.51984187202954,1.36136999157531,1.79275195819793,1.92749502964029,1.66221643849709,1.33502292969869,2.02620956590458,1.63467194840315,1.88314560104134,1.32067301765243,0.818423923141414,1.03067828352473,1.5288760666345,1.82211222556751,2.14651814153791,1.92107821643061,1.0370664836937,1.3431106336146,1.22639055177786,1.69588450048133,2.02524781993015,1.2837564733309,1.30461069130955,1.23235873689003,1.58479403520683,1.09376282575776,1.14601395793664,1.65631556611128
1.56328804209659,1.38028121176078,1.65725705014983,0.920609913501331,1.15095108921459,0.861817615516186,0.841288892812409,1.40012941144637,0.592502998329865,1.26587608460308,1.06067653424835,0.728089906013386,0.685978842534099,1.44089874959673,1.85083231901593,1.89542541746874,0.498509702870973,1.50710486182704,1.22376398441672,1.88962969457566,1.40928801103203,0.874972815746964,1.59838647697375,1.69754891059166,2.41429318529793,1.06834578092047,1.03322033549379,0.76793534073199,1.48407896295407,0.887319206565526,1.40397361979071,1.04840147291182,1.78325071478525,0.964603460837421,1.11319299780173,3.60595014829546,1.13703820105086,1.47049481447471,1.20709675040317,1.02223853868943,0.847937511776656,1.22360214444467,1.02747862000861,0.945451630877911,1.54218308070323,1.59561313674296,0.718851714236162,1.52855626583738,1.24750237398679,1.21537393504648,0.970327278535141,1.06474906353421,0.825418159292333,0.831252359359344,1.52851011718819,0.664246192176403,1.28137182376746,1.04268450997134,1.25360878895792,1.794799884177,0.870492766372448,1.1780094954166,0.887024976415612,1.30404968344379,1.4000250533447,1.71830739052684,1.22957326407427,1.08533106562334,1.09734746647516,1.33740412635326,1.15611625271456,0.820230693282451,1.38751119567589,1.13463682467134,1.31123790470432,1.02625945824677,1.52449420581094,0.863157102109945,0.990195219235516,1.45385930831223,0.922716875317266,0.62444710738826,1.72220684053063,1.18683126045716,0.959247377719831,1.23536672260151,1.07033069569704,1.06565246333963,0.625657957280891,1.57962708981458,1.65127164151612,1.83463876016168,1.19859229566513,1.50323589738138,1.0797880608011,1.35320253627843,0.804407008604798,1.2435697398576,1.38350686272887,1.12532467916462,1.43125721236815,1.53698492001218,1.65053771543722,1.4536515633811,1.28412442495358,1.48705630793924,2.11986468677236,1.51936586787566,1.08005836174511,1.6959077710525,1.6673365607803,1.57783649187602,1.56185682265294,2.37533806833415,0.98279304884505,2.03745859318256,1.1923821092106,1.39951188113252,1.97477513926888,2.1621593576801,1.58955745673552,1.56275165472297,0.715575383251408,1.20459601627003,1.28551109668753,1.51652759539954,1.47985723415856,0.935917479095197,1.26638497793438,1.85929365056145,0,1.44001912020307,1.22784587604553,1.0582453372296,1.48337172986658,0.921506883524344,0.855353092550503,1.52628227163903,1.42316695806168,1.24262264079628,1.40096475539278,1.21898768776411,0.794633051697839,1.02628551938279,0.909244120408185,1.0847918992336,2.90313847511274,1.65685886254697,1.10082283091025,0.812467511296062,1.45433674246729,1.63672196544762,1.173293397931,1.16979688556052,0.790001948947334,1.0488727001942,1.20717312422108,1.50100355437216,0.894678361831881,0.636641137274739,2.41478732504203,1.52488779476189,0.801034243184527,1.24718306734985,0.965784028287572,1.42559032254192,1.37179567995564,0.554926329474126,1.04407678843366,1.28772986592201,1.5446066319452,1.42342857968345,0.810304774150469,0.559191210736596,1.37109606496806,0.718338926946718,1.79962512535842,0.938032363357953,1.3063268993019,1.66151906130789,1.22580108330936,1.47698330736181,1.39346253762915,1.31992810170483,1.14985181492275,1.71689461304721,1.08883257690607,0.92835852305912
1.48388451844245,1.86924775826652,1.06140216215453,1.33137038325234,1.42287005355279,1.22748107976247,1.59969296579847,1.22797003414983,1.39030677782012,1.3032050370904,1.72222034972992,1.86608330038234,1.34576662930479,1.60034150423461,1.2108861709061,1.3939238004233,1.43434072156078,1.19024914878832,1.16265749403455,2.07343580784107,1.5324425056116,1.27563859080761,1.73289846647181,1.08204937589498,2.00936347143748,0.996373980855119,1.88741620918924,1.69107145587675,1.80985226289398,1.52798326384311,1.4558168186865,1.78211833091058,1.47225228951247,1.65186951865651,1.13909332139373,2.68739282286189,1.59436946022553,1.71743010622808,1.7704619153714,1.62788392111096,1.1925677720839,1.74150314361386,1.52330678862432,1.17848949348419,2.24303086314894,1.22371319755572,1.79731120208964,1.04321440780878,1.31785423600844,1.29718378622813,1.83809072356884,1.58981062201909,1.83745027675036,1.08764924367541,0.963759453499592,1.52140308078716,1.30071806495703,1.66711716705097,1.02489612585412,2.37294753463145,1.60434456908058,1.15693274482277,1.14626521063867,1.02516039681729,0.931990659954485,1.15169704684875,1.54356731825431,1.22122260012752,1.1619543030902,1.22883215573086,1.86983451908935,1.51431276846568,1.22092190203307,1.92547332731403,1.46010164625681,1.5914624559945,1.83372554118768,1.27554944678868,1.1397860906049,1.2696277336784,1.45016424531983,1.42268740552516,1.31679237869523,1.41260552675602,1.55865855964457,1.2600122653654,1.44944142274311,1.43987858778665,1.5241048026549,1.21927011702663,0.936602389767131,1.41029027606866,1.8776200841758,1.20264320698774,1.48031955391154,0.915605142479256,1.43563974004665,1.13697231624728,1.3016510508807,1.3409001701373,1.02872302650048,1.14585467977438,1.22859654749861,1.24294596798405,2.14077527267143,1.7771292285941,2.23680119620114,2.02124329821561,1.38208977334152,1.15084489998478,0.885547702465146,1.1964069266073,1.31881321789856,1.35750890008785,1.21807480323005,1.23741994052171,1.33985001600326,1.20486015080584,1.09814967854613,1.58266532422913,1.20971959605823,1.37247729093502,1.65803647372054,1.81883837253055,1.91318337088949,1.78261587809877,1.17005872106655,1.41333642715125,1.26919306379969,1.2271594585565,1.44001912020307,0,1.46191698328187,1.44555588929293,2.06851820107743,1.44704799804875,1.43353626911194,1.40916275147373,0.753113446031262,1.45267748687227,1.76642196654028,1.26506605090006,1.60542436635175,1.35944655134874,1.56726625665637,1.55596043502942,1.97347340214149,1.25628263996736,1.91431258314065,1.28958644747395,1.34902754245263,1.27655882533442,1.6143901376142,1.3220907574091,1.55093004804631,1.42894840403664,1.59982658093122,0.933920761690252,1.47280251170916,1.52877145096907,1.24366462848392,1.58309580201814,1.64397133886971,1.93119616259873,1.5947962723523,1.18641394018691,1.93608445701848,1.37729396401778,1.62885929361142,1.43590113966194,1.254779961419,1.15895800134267,1.44387536394028,1.52510788461767,2.12458680811218,1.72581757685344,1.44151270648559,1.37803566516184,1.29163628962292,1.79209511349209,1.90041557589266,1.22671420845366,1.17618608452919,1.21092795835077,1.47379259507413,1.25431564259404,0.992914955734745,1.58980303582634
1.93326389576669,0.642699042049499,1.55291655632339,0.705415991139753,0.995879929361807,0.757305117436521,0.87710531400792,1.08371000724351,0.992160063153278,0.85593630347709,0.777697698324507,1.58508262122362,0.836128437988076,0.905756204846269,1.52932332989078,1.73627266650509,0.985460442456883,1.17791606115681,1.02852328218553,1.3872303910773,0.534229195970087,0.907571744907911,2.0874786547175,1.21628787374271,1.92505301044422,1.24802504271808,1.20198498357915,0.944369115382481,0.655458085449077,0.606516393975912,1.14201975209965,1.23254474409826,2.07002444516121,1.46163242526589,1.03536981856942,3.54263092933582,0.77927859152258,0.587743546807896,1.50378544948105,1.25358715955782,0.949964836713146,0.850234863218957,0.635842534375598,1.13308979782215,1.37356510265065,0.771993950751831,1.18243675592851,0.893780833256293,1.11802759731107,0.737852483993841,1.61967469524014,1.07420346187207,1.25575476712724,1.0613111614615,1.19982427349372,0.970828860925105,0.945867527951218,1.03830859454289,1.15033876520096,1.60768748346923,1.23696966323644,0.688996993183818,1.00859559192129,0.981189434950104,0.995384247711382,1.35806193987395,0.588723033755075,0.578115321813838,0.662345576640995,0.554728282719288,1.01750742562309,0.684404652903517,1.26604295340269,1.31387551550202,1.58543593176426,0.738446352392333,1.45864813423815,0.739197786893807,1.08815134284417,1.01456793852419,0.724563287305657,1.31199053386175,1.43118880479333,0.915456220010408,0.763582159396042,1.06949346467994,1.19784594472256,0.704550348230858,1.52883218017254,1.82348577534828,1.81838918300992,1.66149535794501,1.96210971891745,1.09701328616227,0.741100821980193,1.0131061051854,0.747934989398723,1.49590262202641,0.955622054481079,0.683373820370214,1.1065051007475,1.08664107354125,0.884841024389342,0.702852986688187,1.78778188856574,0.630459473787287,1.8891698423562,0.911858480755341,0.944021503137227,1.33905986972943,1.2189953539842,1.43155841729522,1.02411355598703,1.96516360746829,0.768459142119382,1.82952894607889,0.451979608565872,1.52026031196942,1.62554386906791,2.01343515619176,1.60652135428782,1.41648494841301,1.27739331595912,0.854850601359372,0.968843308362527,1.29540539010185,1.01589329012269,0.840955962042673,0.762601407456715,1.41113773555673,1.22784587604553,1.46191698328187,0,0.656109677152285,1.57887618695477,0.537615269974119,1.41408819425706,1.00132254514317,1.18276369121568,0.905729946974229,0.564828375723137,1.17193029945661,0.955876172091564,0.733905968629463,0.825433081134244,0.770710271864416,2.39532730809714,1.09405711820081,1.0583430796289,0.752907241992685,1.39317316596633,1.85078155986663,0.503132780697392,0.675421248317204,0.80446778908559,1.05888450705978,0.839661887480884,1.32788045684073,0.849979914698992,1.06480770771382,2.18162631473064,0.706086283757675,1.00187738325124,0.946773285303854,0.897341700560562,0.772403855581778,1.38135212580068,1.11564190166056,1.60846563145519,0.416867587342788,1.03629408576923,0.682356277943313,0.720468673991996,1.20984939786751,1.24142739394925,1.04480018179655,1.4865565427779,0.850638464018785,0.470378016595161,1.19861437968741,1.30314209158863,0.738016825910664,0.994226660852921,0.745679881666254,1.06243224533525,0.876220213416479,0.982058986617007,0.807923554688522
1.83341151275374,0.779514407175245,1.51975564470676,0.77269784189895,0.632509022184152,0.751591497787774,0.888101706535315,1.00174220180007,0.817257526320676,0.68193223234347,0.744680499451249,1.23531899393717,0.777770877761572,0.99541787768551,1.5276247777433,1.68828968587259,0.764300289932057,1.21810891469086,0.933208322798206,1.36926642536,0.623744927790266,0.802041992406633,1.81798106806272,1.21925861996158,2.02970365521698,1.01004679894168,0.9544869439909,0.847502495838816,0.797104513413595,0.588862516719735,1.16077652566482,1.202399356051,1.85416108441656,1.04556194988404,0.955373856518824,3.41885835349181,0.582938009749343,0.975861511303527,1.28136295372047,0.980846438101983,0.73268693189736,0.686631936730661,0.335630390442613,0.969401176061727,1.25595078392823,1.0333351206375,0.976575004432957,1.05952517090468,1.00104589769484,0.546162274547213,1.41265656471398,1.04065944446799,1.06782586997692,1.00312982228099,1.1618358499142,0.691370161100871,0.76003044896213,0.828662638197775,0.877477426875377,1.50564067114256,0.880800645570459,0.819678585163057,0.861051821587004,0.885605069358553,1.16656829359324,1.3310690982119,0.884387171894953,0.801063765142359,0.600549866464233,0.791336060528859,0.69933382827934,0.527544507827315,1.25295885821963,1.08689997725262,1.50563562546543,0.740251607650008,1.40726196184883,0.56958274407364,0.798332902926086,0.7051924573201,0.59910084740001,1.0893274000471,1.32856074928043,0.714789368001029,0.490371797205305,1.2052676019632,1.06733593084198,0.680265883206229,1.26632324539535,1.58597424184002,1.64877868589438,1.72036535544913,1.68328303190833,1.35085372001473,0.739718954305746,1.05165813397024,0.56014146048769,1.35426906801935,0.565553444991739,0.918128427860131,1.33164385387153,1.16772684587269,1.24111395629754,0.806811362137724,1.55993762755694,0.818520602016673,1.89544079882502,0.866265270395887,0.753985734176169,1.55625501402477,1.22564614996437,1.35022494967806,1.05933475875801,1.91688675162796,0.597858155559853,1.87134785656188,0.682623217883933,1.34283881360264,1.5992490256096,1.88211305598664,1.5751681209035,1.11371839583811,1.15574783931316,0.71685097214194,0.83357932790147,1.18839185119748,0.962864768537236,0.834229460464981,0.936959251741272,1.49403771572816,1.0582453372296,1.44555588929293,0.656109677152285,0,1.31064416711945,0.615764416863586,1.17553979071272,1.27203868306201,1.25929572998117,0.814396093063076,0.876787693791017,1.11950562206554,0.714009803800598,0.730240331899056,0.794194476361728,0.592987736348546,2.50011006776859,1.32678168920058,0.799757593399023,0.562226212715168,1.24413512221813,1.83446525488577,0.712388912089603,0.690932109768867,0.627560548820783,0.921934181219666,0.682612592283968,1.23315884850742,0.778235273913184,0.832351794351552,2.22080643040341,0.884181614109095,0.871911482326793,0.843125122214195,0.965137775426329,0.880922230573373,1.20639819978016,0.978774884797802,1.36690549179699,0.803957379050136,1.13601973585314,0.935196417647864,0.404357712849899,0.914699152334311,1.11875134879889,0.90114120706441,1.59010499481097,0.827904578012631,0.790500107090542,1.17588877867333,1.15162916960765,1.1115537180883,0.872649315052399,0.760388537055965,0.974356146711947,1.22658016958461,0.988466008202619,0.836304304380174
2.34827020568537,1.57868568669147,1.82387291255023,1.56773835895499,1.33946138500472,1.36052885440577,1.41457145777755,1.394347387589,1.31893548367175,1.51118956281608,1.30317239148921,1.35586752898362,1.42535078622158,1.43859787041846,1.98644402574712,2.33472697645849,1.23587126444416,2.01107087367456,1.28582065664878,1.33837782149789,1.66066191214429,1.58309116529893,2.03594324698045,1.90597531734079,2.63294845302696,1.76083347188231,0.988746547605799,1.18092740724253,1.53477165755973,1.39580924225942,1.2277928942545,1.21867786985816,2.0565696386684,1.51791754593861,1.37682430792848,3.88639540068421,0.975974980923371,1.74773927970912,0.662069619466973,1.04552222989482,1.36269885834105,1.44955841526642,1.34986564324877,1.15768259714196,1.5208296322297,1.83585047391637,1.06771061359483,1.81023739459673,1.24939317995586,1.59872438640681,1.45383240836323,1.31899838561072,1.2212422138348,1.44720366975458,1.84433764446525,1.16141781846282,1.50886958345185,0.699229053331562,1.5619322624581,1.5537183527675,1.25807401241322,1.38684958127933,1.28559625401674,1.74587540207059,1.69594879381172,2.02445441290783,1.27867580111631,1.428217096971,1.47772484926976,1.6351697269167,1.25704454529728,1.30357859467626,1.28801202999798,1.09436379614392,1.46073402467051,1.22032559370796,1.30038216582915,1.48009608958511,1.40675283369425,1.65504460948991,1.07455715956178,1.14206658807588,1.94110727032709,1.09870058117259,1.41476244793626,1.33426359412011,1.11327457121422,1.55538302276426,1.46640069769531,2.28235867265595,2.29025354464792,1.66745293279487,1.17314691968369,1.89237534817056,1.3863813089167,1.52221884254748,1.36445126527248,1.79085046828314,1.58915323948878,1.43840900807852,1.98528711155128,1.83831042114372,2.04189138350885,1.90847442612443,0.814958571825309,1.77347605124588,2.02944967671003,1.60443136885081,1.26151185851855,1.9123102491028,1.80681717552727,1.60647978017814,1.84613343351885,2.62543201564519,1.53663490796867,2.54608425166485,1.49291734061232,1.87672751988523,2.46330427643377,2.55402619771124,2.26731382212753,1.91991826895547,1.39189146332819,1.45590493800957,1.06035497747031,1.72698520156659,1.57740716076978,1.00185903653496,1.51447972568719,2.14078980953525,1.48337172986658,2.06851820107743,1.57887618695477,1.31064416711945,0,1.53990216007553,1.04948728716662,1.57829270171152,1.77172589519741,1.23371162553483,1.60759260735171,1.51694316623768,1.38012382544561,1.25226073615451,1.37080500188748,1.11657682969885,2.94083498524792,2.06819302856549,1.11954454774041,1.21345948477163,1.79033129261778,1.99603811322232,1.54011580397749,1.58081532592293,1.45197996844606,1.07571184172886,1.01201474522958,2.02025908639916,1.24414271601573,1.28520707322495,2.92562093431011,1.72283370230228,0.955139949929865,1.41053165906476,1.3883148608484,1.73007477321234,0.883068025441044,1.59892017581219,1.0157790911291,1.77047218625609,1.78344105900908,1.87318262172851,1.22233188136367,1.14810119295907,1.32441368154902,1.11977693867494,1.78550968048415,1.64818337201268,1.59122853904211,1.62266314903023,0.946814606906748,1.82214908076316,1.56598667579361,1.7758132658209,1.04869263532191,1.99647633622679,1.53261663514867,1.43272702026131
1.72292994886653,0.686615974367047,1.64645542387506,0.58992670467814,1.07491787138255,0.742009007242104,0.613221092440884,1.0312129202478,0.667595500843868,0.764962710895567,0.657375583436798,1.26552993538429,0.551068967487265,0.916446874838055,1.69395832562969,1.71310306687436,0.673737236068067,1.20768378218693,1.01395175009832,1.54068726713873,0.687410147638875,0.621395071249761,1.88869505489733,1.40598029713666,2.22223338328002,1.02294389884341,1.03363236535257,0.677725649705963,0.836662834738851,0.458029488893491,1.23162677104907,1.07320057318647,2.01533410051647,1.22119245841043,0.910076724396364,3.56230559583636,0.765591122467868,0.728313695759504,1.37976699916054,1.14795884832387,0.670068819568556,0.763779959430801,0.50261714261538,0.969259578092741,1.32135654379617,0.976703800952599,0.892391136971079,1.05054665202597,1.0721586494305,0.731634730572997,1.43352833967766,0.92962774772574,1.03275715058803,0.831075426003543,1.23934549018885,0.621860984577821,1.02508750493807,0.988585064993174,1.09298506019635,1.73910318625668,0.983245566270726,0.795568918659195,0.816278819125107,0.944059106944511,1.10507899208937,1.41948032068897,0.733356596021178,0.583019892052519,0.760776286030038,0.688846438715419,0.908810270625388,0.485469550694974,1.29997429693543,1.20557606980844,1.53577934212579,0.766804606630619,1.44813702808375,0.495907763218218,0.990589814519047,1.0215142856424,0.589270562458144,1.0860805415584,1.43091102506552,0.871116132376114,0.54047230650947,1.07119677582114,1.16612202264411,0.591946695363542,1.14515597932457,1.62553386628493,1.6915240362248,1.79038875171855,1.76202043299611,1.25735889346306,0.582752422713941,1.12397604783627,0.486849718620466,1.39026374757482,0.936514662267968,0.655135490871002,1.14360772136625,1.26013984600095,1.09788555368175,0.838121072097533,1.65157097337153,0.720218983800714,2.09987508206067,0.958290553192932,0.828079968278419,1.48064441141045,1.33170899935836,1.39787986085363,1.1310142446955,2.06131247845051,0.676342761767988,1.84496760759851,0.659682155874626,1.39980033552266,1.68053711219869,1.97482611410524,1.55538933641953,1.40592551414323,0.932452277515604,0.837976970699878,0.941959636861486,1.40475278238825,1.10943085007816,0.842712848512149,0.881356325935642,1.48253944406701,0.921506883524344,1.44704799804875,0.537615269974119,0.615764416863586,1.53990216007553,0,1.20479274359703,1.14331344208087,1.24099548006654,0.967375684616338,0.670496939810246,1.09384750278148,0.675092025618378,0.900258196566102,0.624001058643026,0.717284177609875,2.63991789396641,1.26338695684248,0.912550206038623,0.625013198995429,1.41899636721159,1.84200493262614,0.492328335840625,0.648271754044074,0.482995747820923,0.983238049483815,0.821596139398063,1.27090613661,0.685171389748305,0.879201592159123,2.21729599793881,0.862733161556568,0.87037259735255,0.84161053147559,0.75950214626691,0.895252934619909,1.36632300563373,0.684642704511715,1.43232560558291,0.469951521650387,1.05260289008789,0.777913683534787,0.483878818289611,0.867748226394893,1.16697787576,0.771763116602446,1.58799999220275,0.572055535777731,0.749619231957194,1.28283881569042,1.19818347568928,0.920516781204684,1.06737416339578,0.860557083152397,0.966013059731221,1.1668491591053,0.862468701184226,0.693669125092668
1.56984693353349,1.66121323006219,1.3323091215777,1.14182196235815,1.17386794041864,0.89507100077643,1.1948960390669,1.10727935990476,0.82609640824624,1.32503121469484,1.27011279005162,1.05756281151831,0.913398141176092,1.42352120779128,1.62636268846179,1.78313860918409,0.839901192009021,1.50093365309881,1.07275032006986,1.74721610176689,1.5796219182127,1.07010791357298,1.58263231957719,1.55642718193131,2.39617384518674,1.09539912151258,1.13072596026532,0.973910442126038,1.63607992642598,1.18926148767575,1.17068024857886,1.06323588625953,1.63012319840426,1.22003004294689,0.874624322809764,3.36996593062589,1.13563221478328,1.68297368409902,0.706792419932297,0.925058795508209,0.84253930999249,1.50279500218104,1.22399867732345,0.604429208301985,1.78845278219789,1.56844168041235,0.912589213488165,1.46692087864705,1.067037095573,1.32447964551859,1.16881638513064,1.10903660411283,1.09882755412327,0.763063501921763,1.43741891406051,0.8204486767292,1.3006221958022,0.853769468224254,1.07146869276714,1.86372310305552,1.0656421148978,1.09487931680673,0.733149179812373,1.34096247180658,1.27685456889486,1.65202392693538,1.21039701072595,1.11200984042756,1.1291912989207,1.388002744931,1.40403460195164,1.11122696386728,0.921178156091184,1.1850331183091,0.856482844078099,1.13239634633687,1.29216440248032,1.14758062269589,1.17872533430846,1.45065342693897,0.896730895651003,0.365921375210214,1.60740348545116,1.04973073396775,1.2652328177481,0.932484521357895,0.886758760938714,1.26139021156334,0.675686512353595,1.55809916270823,1.58416788290394,1.32714657345515,0.754657376834864,1.4635892850935,1.15334328796981,1.12812818462992,1.09310269878895,1.22409228341468,1.40852817249904,1.11435588704417,1.43947582175416,1.42589676744599,1.70733408552546,1.60557683708826,1.00657468575882,1.7412216315099,1.99875154610351,1.7883780186009,1.01395799400529,1.46993071942391,1.45691373901261,1.17488482597089,1.59941555367536,2.23494329834781,1.17911837336326,1.98960045387502,1.35023262365222,1.28797248488875,2.06692468430612,2.17324983614048,1.71610249042625,1.62306230798479,0.932621249776706,1.48885169073586,1.36481207219378,1.59699766235949,1.36568396354949,0.779613347714931,1.33153965699412,1.75615272047562,0.855353092550503,1.43353626911194,1.41408819425706,1.17553979071272,1.04948728716662,1.20479274359703,0,1.34179270234355,1.25988189809514,1.18512237251227,1.61599574207561,0.943438349970651,1.2189841709706,1.09369549665831,1.14316001533226,1.08821792586528,2.73715345912956,1.88461880972283,1.31527644008571,0.93295178604301,1.43598268667751,1.61131518621898,1.42854898286023,1.34033641704289,1.19655726891839,0.785325109299536,1.15124331543486,1.49197711147277,1.10383086203733,0.891449203113535,2.3781383756099,1.65155912948901,0.737652586417233,1.53049215930065,1.16453891328676,1.48393205552807,1.28904135888262,0.948376337100985,0.60124837975571,1.50759469417207,1.48251960855581,1.56205190776073,1.00278549585201,0.646878883715007,1.59307421425672,0.891743443423019,1.56841660426177,1.14746821599239,1.3607666547945,1.76040015313963,1.12624037773699,1.5667578722129,1.38179971329773,1.51713664768491,0.920664604815919,1.75499351798717,0.938909228332761,1.206479714953
2.05461780613786,1.34938895133575,1.42178446420494,1.06722205285691,1.40944071602848,1.09629413133997,1.20634776567686,0.972891815749595,1.28879379969337,1.18782865711123,1.07584124474029,1.85407642432271,1.19884158006718,0.940731693954419,1.50570029671992,1.76300295549884,1.3044739937083,1.36505377756141,0.862957811417609,1.21436446750078,1.18959409096227,1.19313534770636,2.07183080329644,1.27811883239123,2.07605394219379,1.38144102353759,1.37864072782289,1.17200131416172,1.22876946993456,1.20822158922234,0.914371559972786,1.058605542028,2.04569448908694,1.77233763667013,1.0208010494037,3.4029417469715,1.18886633662827,1.07164667244138,1.29899320941277,1.23142729739843,1.10740373112961,1.41675092567323,1.23958727228956,1.07732563980598,1.72247189032291,0.93818840843274,1.41357419685687,1.03438025204596,0.824303731022441,1.10695412507334,1.75554637180314,0.950398735235163,1.49654474551832,1.08432747576884,1.06033258350599,1.31159776936079,1.30895300586369,1.21845931298931,1.35761495972819,1.91669954091426,1.48111231634279,0.701892824030931,1.02772990042344,1.24043265071849,0.951136659803183,1.43760322077678,0.818535870014366,0.897344642113014,1.14249394362528,0.885767492769405,1.52851556501687,1.15180360618148,0.936730217556079,1.49299621656299,1.37830920865087,1.11825910158373,0.99955606708014,1.18059527691537,1.37409664165112,1.428662598462,1.01743182030996,1.36730483668303,1.39532266662482,0.949219469022501,1.33192899698286,0.829322387089495,1.24077105493803,1.13033979815076,1.64743095653259,2.0326994270835,1.94242927718937,1.29700089859671,1.8019197510685,1.11915669903604,1.05589997403634,0.880689766150354,1.19413463833457,1.43554225004936,1.33979291351037,0.789696700064859,1.1473195275607,1.04356210874679,1.10551378225174,1.23518755471773,1.7307832570735,1.3368408302674,1.87595511718047,1.49108674117762,1.03929630574237,1.20535754618784,1.09251879548165,0.898728701770887,1.21381846462945,1.8992945686468,1.21315005925209,1.79941688474093,0.918827394999008,1.61397117503392,1.88616954790288,2.08701911424581,1.7567552946686,1.7515511845275,1.37041427175262,1.4252552206901,1.32334733729401,1.62809416810293,0.970090921007605,0.971855543697232,1.07000924365422,1.37277660399851,1.52628227163903,1.40916275147373,1.00132254514317,1.27203868306201,1.57829270171152,1.14331344208087,1.34179270234355,0,1.07472131060709,0.970394742725396,1.08903721181394,1.1222474049268,1.47439036166701,1.14112784971063,1.11446816694264,1.09409366940709,2.17807309161176,1.41489316062036,1.49139058332824,1.07185485117175,1.41251573129525,1.68223180404727,1.07394466631278,1.05632862920582,1.34793533455623,0.916152300487211,1.07219167681732,1.38675933313564,1.13289900635893,1.38116383025657,2.20680582632466,1.08000615960964,1.18483231693045,1.43054504016605,1.07959609538936,1.03608124343698,1.42397276529476,1.36587410243373,1.4606898752208,1.07025775365661,1.04626074115107,1.0430736147628,1.230705730262,1.39191983275719,1.58073556528044,1.3763685050612,1.29724348157693,1.20615126627751,0.813526935322048,1.43420449112463,1.20898114142168,1.05489348440534,1.29116141464479,1.25174554012545,0.781278482911194,0.940815806381209,0.97996717840808,1.16773106305833
1.48845234731479,1.63079686491138,0.857947675366676,1.06961995993442,1.31392659219421,1.03645911840147,1.42053840500412,0.867964121433365,1.2842739074471,1.08415215477567,1.50519418805098,1.83766775055675,1.17697896961924,1.31044493935177,0.792562222489012,1.06820010627866,1.34325566827065,0.788718596605604,0.978457549592332,1.82476167098902,1.33547535206539,1.03860256629876,1.84761129137729,0.90088777863438,1.84211847223431,0.916350890203612,1.69815001496762,1.49286034620467,1.5247086158005,1.37859248954097,1.17010050479518,1.56902986245264,1.53432235012903,1.67593382433396,0.815125530372782,2.6927906354963,1.359930473146,1.45600775652823,1.53037887881737,1.46864116110574,1.01872705187116,1.58582409701103,1.34548005202608,0.960982826640964,2.0282314881871,0.889425517215547,1.60714387077494,0.737524520694086,1.17995860840279,1.10442824424088,1.78992101957459,1.397327892648,1.66518542161904,0.920140044106021,0.931564935662555,1.34965885111106,1.10119064014426,1.37894182691827,0.864542501388525,2.15880147093935,1.54107770761483,0.883298165828025,0.832162652398779,0.847509668101225,0.512492622821539,0.815343252299799,1.2122006507174,0.926449686805499,0.921286998795213,0.940727186724981,1.70333645744888,1.35127680023272,0.746160171004019,1.72090688074989,1.11044974347722,1.32729720381217,1.61670943836122,1.1585435867249,1.19788241056826,1.20960752948473,1.2015628434842,1.29142991415968,1.18568636255369,1.22354018974628,1.41414847622024,0.937976626465205,1.20987484911125,1.15625369437994,1.47390976463295,1.35718154151722,1.14883848134245,1.13203785806683,1.78755969827962,0.936248082193199,1.21245893863677,0.595835338702756,1.33387544420661,1.10324530439894,1.23945132355792,1.02301825101001,0.8684549884467,0.849746150843208,0.958533502943616,1.12891804445618,1.93517450815981,1.58622894495814,2.00228441171729,1.83892543970202,1.05832521185456,0.890218296889505,0.574805604441504,0.915504511519187,0.946555412744624,1.33260271783151,1.04156381504138,1.02558847649931,1.10513350546861,1.1512862367705,1.21744026193035,1.7451150227008,1.23353157670262,1.35045214440024,1.48740986229358,1.65675941596268,1.63702512462429,1.59663261563828,0.995531062087378,1.14567532563558,1.04822424775352,0.799824618239603,1.42316695806168,0.753113446031262,1.18276369121568,1.25929572998117,1.77172589519741,1.24099548006654,1.25988189809514,1.07472131060709,0,1.16480431115478,1.50715300518732,0.827583970579568,1.53172598430515,1.17029397186136,1.34579069651466,1.27983368434494,1.81560575281679,1.21231432303921,1.73022697754188,1.09148911403771,1.23325088790249,1.31168540774512,1.34450845758613,1.12609521549094,1.43740534745362,1.15377254666166,1.3147134194211,0.890375004502952,1.29306813804087,1.40005133914887,1.4246537352903,1.36096560169015,1.39865185635209,1.7227614452765,1.38473762816311,1.02207887056017,1.70631316255397,1.33782496375968,1.43626166245005,1.17559719274118,0.891255644400443,0.932329422938754,1.24156289502042,1.41739655122328,1.90332227190019,1.53772913477691,1.05090546327066,1.10715427106471,0.97794317125454,1.60362988762026,1.65755033506422,0.972231985842867,1.06090668373929,1.08689878506622,1.22266128763548,1.01281759946883,0.721982173432743,1.38217435531102
2.0289954880678,1.07734004408688,1.39815656402357,0.749133185541619,0.798858723612177,0.88185288903042,0.897912832747753,0.883015766850083,1.11520474330247,0.819684610254014,0.866171280079319,1.44138631561765,1.1114457003565,0.637093056771923,1.56972049792574,1.65776400864339,0.965898518920291,1.31424776705281,0.624398517301934,1.14441697340529,0.911812576324256,0.950955081774596,1.83190336635986,1.22966482903781,1.90952774556895,1.173766769486,1.01354758675218,0.968105595336003,0.845406599889339,1.03513167333991,0.614312677737961,0.993810246120739,1.83727143217783,1.23192058231495,0.976354833779812,3.36311220991284,0.814964177338655,0.970621983946897,1.1520592125721,0.832630801827314,0.872594799947766,0.971736395557469,0.81735715132187,0.909774986894466,1.15353561020609,1.0033820410291,1.08693312951057,1.09717008666091,0.724560277908248,0.763563621614819,1.27294400798843,0.940663563375605,0.993731211626958,1.01052610279037,1.00442451046672,0.974715371671014,0.92721431292993,0.857195876703495,1.16924660437312,1.29971510539386,1.05608774607461,0.702390352020398,0.82408178843042,0.919877607550392,1.06251742856931,1.26537604310934,0.900746375730731,0.957746653083549,0.925136321427888,0.858298524133919,1.06562719039715,0.787594148388316,1.0246439905862,0.954109212503071,1.27009483639907,0.64157746306625,1.16102329752156,0.835813445384252,0.933610625461781,1.1013261731875,0.80270320962606,1.08997536724577,1.24119346386243,0.767508528122661,0.842996938740007,1.13861593285351,0.786438760670615,0.788586154599594,1.45300915822023,1.89127866848291,1.87857626957045,1.62583174979378,1.52646725739753,1.17874976483538,0.866003053790883,0.963767420762666,0.930128672953747,1.0934224229797,0.991087524483444,0.953830987948813,1.40883910031077,1.01918532399593,1.33629519619579,1.16383329598155,1.35579361966399,1.18466112783338,1.61178206812625,1.13990343780779,0.597096344994232,1.54461610797483,1.13107103950107,1.12329301181308,0.989500684887975,1.8951450630541,0.777713933816049,1.85067478771571,0.67815508031419,1.43580284693176,1.77762200734209,1.84765152570831,1.57521688598376,1.21274893388253,1.13837871589257,0.837828406928964,0.836589466859526,1.00271217400182,0.992170816079497,0.79446630904584,1.09655800098778,1.35202966719691,1.24262264079628,1.45267748687227,0.905729946974229,0.814396093063076,1.23371162553483,0.967375684616338,1.18512237251227,0.970394742725396,1.16480431115478,0,0.965678679029482,0.975230440364823,1.09191915224116,0.710223995820435,0.680773812321537,0.57732135457676,2.22865864159656,1.3223950193601,0.965664548951107,0.573788493054899,1.1124196237111,1.44438446891438,0.785639245145667,0.68539836778103,0.990717711591228,0.621854757404866,0.613210096637788,1.29443869848167,0.652091262856571,0.855830824305248,2.26654601358411,0.778383020430308,0.836914352724622,0.956169321363368,0.687286068295302,1.10740486648187,0.906951863464925,1.17424243198362,1.24169703888157,1.02337102351175,0.926595010512646,0.99484284395927,0.795015633852873,1.09575804271837,1.05114272180727,1.18275658386703,1.36833281295385,0.996087992288612,0.939627511839784,1.13770466544491,0.923046070534404,1.24849125666,1.07643155893406,0.963575099746747,0.68285869595208,1.24708965151021,0.960080479231708,0.71862073866916
2.27788523548192,0.400612148188185,1.8986659557111,0.921468351660527,1.27816154712221,1.11452706912698,0.775262999317035,1.24308633917836,1.14557812304043,0.904979277184738,0.669038413840827,1.63674926049688,1.02351233899867,0.724396198737215,1.93242333760464,2.05946062115394,1.05042161597382,1.558134043627,1.12077829239988,1.29210228476142,0.646887491411111,1.06844714170587,2.23107393832279,1.60729701235029,2.2848960163783,1.4891222289374,1.13279212152978,0.91660491340376,0.542385081018748,0.749874914015824,1.24860314185469,1.1802223265723,2.37339772303881,1.5281703939398,1.24622765908076,3.85477506752081,0.821119267135584,0.293009979871365,1.581314694899,1.330116716261,1.1117967192899,0.730974124820336,0.706082656130143,1.30222027955653,1.14568946442439,0.988744941896566,1.14834774808854,1.19171465014979,1.1614471973094,0.948969469806308,1.70813373208277,1.06529039640288,1.23689019329717,1.2612156707796,1.37766738735391,1.04974262712968,1.22839540741488,1.15146782364087,1.50091672293226,1.64640808935749,1.23750769776638,0.878191757073028,1.19372811529359,1.255468502099,1.27527830602259,1.62304753855281,0.646845728387703,0.791812881589157,1.09926123203425,0.716389918359217,0.963125966693833,0.71201143805908,1.50040957774968,1.3024885011447,1.85137634026206,0.84617875402911,1.47456724200915,0.852265600552917,1.21962341792928,1.23207274357789,0.814736478956605,1.51416740380103,1.61400888163122,0.955168291875751,0.769884918471596,1.24408336131259,1.39017023472961,0.851857124126503,1.68000856520009,2.16857511028076,2.1774119059695,1.97518682625923,2.07718928801282,1.39321459827419,0.768947849469748,1.31901193466316,0.802248552588038,1.71261918601038,1.12390797037468,0.790810783308414,1.36814932091969,1.45545841891424,1.13302349793184,0.961635991793872,1.81363588112582,0.468531046860446,2.14295923379233,0.673578414190936,1.02568737490671,1.63848874530081,1.48313213077407,1.59540877346879,1.23382861318269,2.20049826957794,1.02239889612135,2.14794329518211,0.59790872529087,1.83372356744333,1.93239990402673,2.18303831685018,1.87693436212581,1.67616480341356,1.27411014897133,0.800467179289512,0.802224386349657,1.52092966973192,1.20573089832889,1.02966167046116,0.966767436670309,1.65930538844623,1.40096475539278,1.76642196654028,0.564828375723137,0.876787693791017,1.60759260735171,0.670496939810246,1.61599574207561,1.08903721181394,1.50715300518732,0.965678679029482,0,1.44620333242275,0.942002989343747,1.03732715784055,0.77416024967512,0.796285873723719,2.66773041874084,1.22477347385042,0.930284304056064,0.891187590187628,1.64088648986543,2.03391301382776,0.349574059893882,0.731679839074479,0.822847579779584,1.20021061359794,0.786056592840384,1.58484378199903,0.821179946257905,1.22925729758542,2.4991562045158,0.64364798786326,1.0984378164625,0.709482570572328,0.849173828502826,0.963396751102322,1.31688933790647,1.21085127664027,1.77041266647345,0.549783258330948,1.16295357591869,0.85146986393279,0.859668986913091,1.28194408741633,1.01768600104756,1.08489547096465,1.71615532172034,1.05972064552861,0.779416897250979,1.16451192366272,1.20933326672845,0.931409001574179,1.24690271120373,0.971364592108734,1.05403939999754,1.09731124061497,1.23214126704555,0.824601969611637
1.44575080603082,1.53708280783188,1.15689605225172,0.805521111436449,1.17331816534593,0.795542437486669,1.27404742256071,0.825710507544001,1.05206136457065,1.11414627807992,1.34127318708596,1.58740496650536,0.9880274031864,1.22563599877019,1.21883966460378,1.06915413640851,1.10858213231458,0.884996601422947,1.03953406004048,1.79046800673775,1.36438111457759,0.808313563536831,1.79196094831363,1.1781263314412,2.00984329447569,0.870123246833876,1.49228875286448,1.21263269392519,1.47535465465795,1.24234317762294,1.04683073690192,1.3474533466075,1.66733805106213,1.50927346964326,0.677167043895383,2.86597593963335,1.24765865308815,1.41876824812173,1.27472729561749,1.27333253107286,0.794007511450097,1.48969856598221,1.21325526213732,0.766039370900892,1.88448835314854,1.07832518560833,1.31312572450031,1.04634112811617,1.0927129704128,1.05003032430543,1.56733777484891,1.24644273462467,1.41031480041686,0.811836120382915,1.14989689933078,1.11895603252224,0.986752102530903,1.14977818992042,1.00664275011569,1.97094354848113,1.38772420376669,0.882881672654967,0.670135193034448,0.929387895346345,0.831513422922672,1.20725347395953,1.13468087098857,0.977687939473217,0.974501533408289,1.02966147882682,1.58835443648913,1.16230837438426,0.819338682201624,1.49332178654799,0.728655850200515,1.14667468855892,1.513583353395,1.02768478758128,1.24295577647509,1.27154690803716,1.00184835645133,0.972030250759139,1.21789222195882,1.11108131385007,1.27495767752798,0.960566616846275,1.04400999099552,0.951297719791455,1.21400901050597,1.41555568504915,1.45787575872894,1.32216767878306,1.48355740890298,1.15764262778116,0.919510896381718,0.833181286789583,1.17723076214774,1.11739720096717,1.24801449894906,0.92649206494204,1.11634454268526,0.967014196201649,1.30022337021344,1.29763880294552,1.611040440665,1.5652627847967,1.97580378245135,1.75991341092527,0.710057956974041,1.26284225382004,1.02999719014927,0.906185158911518,1.07163731713863,1.75923247834943,0.937273202519734,1.42982375110099,1.10098974539002,0.992563851910439,1.61655073688417,1.86928623735273,1.20250163691931,1.44311754937013,1.19887817939785,1.50101451899768,1.47893846849532,1.4800724781886,1.07538261004137,0.92674241066131,1.13842454301151,1.01885830581361,1.21898768776411,1.26506605090006,1.17193029945661,1.11950562206554,1.51694316623768,1.09384750278148,0.943438349970651,1.1222474049268,0.827583970579568,0.975230440364823,1.44620333242275,0,1.39842470053932,1.08691344251871,1.10144655690948,1.0977374260019,2.15265280266632,1.55946125803341,1.52128366242595,0.870685932561293,1.16547844058288,1.49456491593146,1.22017156338359,1.08024482296622,1.26571473190837,0.913348654442838,1.19194325749918,1.04897964975885,1.15286701210745,1.11324622971739,1.98510956264071,1.30283863451213,1.06679747586225,1.58238928495816,1.15020296286103,1.28260988779941,1.55791850068549,1.06681072184249,1.19447167403027,1.18267232231815,0.877515225610939,1.11110245699765,1.07736201856897,1.1214648631454,1.74447880648392,1.27877592986026,1.10990843982129,0.856129042926427,1.04324961739947,1.60673949031977,1.45335292547483,1.28072929797763,1.14129597652298,1.25373347561505,1.05473310937826,1.33096907394773,0.724293511967792,1.1870962043739
1.92955107749996,0.846469462454035,1.90558988110894,0.961022102549771,1.07488057344655,1.00178358584558,0.636609141173634,1.31761989987523,0.761099070730723,0.943543259393676,0.686245610605912,0.951354767851296,0.72462796895671,1.14621061680504,1.9414618071641,2.04142663336837,0.466560187253742,1.5754349825127,1.10765633083421,1.59814516406588,0.987759494801602,0.885537369836995,1.8738129525485,1.7199951872674,2.49364427749827,1.23423177045845,0.793170651294399,0.618107415186116,1.04682367209849,0.604143241979323,1.39246879604557,1.08869786846455,2.08601857493729,0.979100085449012,1.1638375660672,3.78107112930563,0.734522618813075,1.10241663907572,1.31084008692793,1.04634866817717,0.884504099023592,0.757207307350122,0.589227297948019,1.10676635758001,1.15331712809308,1.40733088395312,0.658980610376594,1.47603275910241,1.1177419407136,0.980754868701912,1.23412613965114,1.04393170415472,0.888269247137396,1.11398770561602,1.51100853108368,0.589273150774483,1.18861176952727,0.970852015587594,1.28454501227194,1.67104196912951,0.725583550734805,1.08620645970687,1.02769585949159,1.26663064438412,1.45878744950785,1.74455923214466,1.03957854122572,0.957530912561545,1.08388259015457,1.07124479143342,0.626274644012478,0.478293566674162,1.53153748498942,1.05623692108577,1.6962988441287,0.921517412025425,1.49136799715421,0.661777958064086,0.798024796645325,1.16202497770791,0.707809155752217,1.08941750767413,1.64829878121664,0.921053896790809,0.549923989997266,1.35842089963656,1.21618289174256,0.85128145588257,1.10198917162911,1.81563236359501,1.89158263613302,2.03525378756802,1.62055885114883,1.66305065031645,0.833359513445569,1.42368119429052,0.441770405329481,1.51187513689385,1.04712689701192,1.03685820886984,1.54353039523827,1.59394449534677,1.53497591316178,1.18556367484015,1.47439235588472,0.952990288155648,2.22732722141817,0.883507164224232,0.981279399418384,1.82225548032315,1.62065400306402,1.63585175656725,1.4098638571991,2.33669708215001,0.920486260987813,2.17761492465317,0.864856319296462,1.60498318967856,1.8986920261772,2.11638900566957,1.66640011076405,1.53563433281109,0.909836996039029,0.806612741113994,0.855820648208425,1.52707398567405,1.24949443350711,0.978217252707612,1.03776423085946,1.84813380425847,0.794633051697839,1.60542436635175,0.955876172091564,0.714009803800598,1.38012382544561,0.675092025618378,1.2189841709706,1.47439036166701,1.53172598430515,1.09191915224116,0.942002989343747,1.39842470053932,0,1.0178968625286,0.744972580838609,0.812392138500814,2.9050765262823,1.35635784625478,0.629070853807991,0.723463306351292,1.52701887973822,1.8755773251742,0.805478725360404,0.909827239134778,0.425669468333063,1.11134940864574,0.884032572652742,1.55060547619816,0.619695369882604,0.855504448465253,2.49346163669005,1.1633814599223,0.878564473934892,0.742926784560929,0.914317588797021,1.19728474145741,1.24494916464802,0.818171566517696,1.40692601809755,1.0104220857527,1.3757154296721,1.20577648524836,0.588328800064998,0.726582666511326,0.974661750935391,0.657691650169938,1.86441482850493,0.937352130011666,1.12379890365217,1.39461835860733,1.07824233638043,1.26099660625776,1.14937894239318,1.14821401606205,1.05803515474479,1.56902494815625,1.22180479904743,0.863406644033225
1.90814593604779,1.06495400706997,1.27012706072547,0.741281491870529,0.567808956843124,0.530206190728641,0.968727700496476,1.13822890491989,0.9400615387949,1.04235167193306,0.965261935483233,1.32450399580454,0.946438521652466,1.04689349825477,1.47979770844889,1.75511946004951,0.879775438814824,1.29360527445974,0.894909225600071,1.34828156224236,0.962456449446582,1.01199155856504,1.84864377706366,1.11919368996782,1.71972054744139,1.23575591802397,1.08806089855652,0.951956376099254,0.960169557231899,0.807011313904539,0.833468728339933,1.15424534666569,1.71382920342548,1.23144555096377,1.03560622419209,3.44975533687043,0.785373438233169,1.07950157499372,1.21264036147746,0.928897767774571,0.967481118885465,0.971074960225118,0.814956379026963,0.969402211942753,1.35412919620583,1.06213848618119,1.07834620616544,1.05799069327237,1.05890349892922,0.896231042163543,1.22559543401084,1.05407659971967,1.02540142597555,0.977102591103085,1.14658363858029,0.943364314665135,0.787305831559024,0.77209467922911,1.09474709209914,1.25027263932463,1.10523444045851,0.727984652101514,0.927215606925642,1.00334686367739,1.0022476970675,1.35517411240937,0.804790272492489,0.852314742814035,0.635398687952195,0.925220822982277,1.05064973879486,0.771534306148479,1.05267662748891,1.0531427641693,1.23403225290876,0.603942700358794,1.35629409701422,0.827983072052502,0.862491067316698,1.12314196221124,0.725828360322295,0.951255493912934,1.45918079656871,0.903309050635741,0.898166544668446,1.04216540006997,0.791984299706854,0.889099613813397,1.37480441430814,1.79779780472248,1.78170353514917,1.45030828672854,1.5023299741538,1.0092644252686,0.918454632081006,0.888560090252307,0.884751126770851,1.2435631910785,1.05195523625833,0.923440830271824,1.27108688796972,1.02184415483874,1.25864948693945,1.09130309635481,1.35885724681981,1.15791771426205,1.52531913963796,1.21749939326549,0.904569904742521,1.33944490416058,1.24601844457848,1.40192367015245,1.17872393665254,1.99501891451749,0.746791660088482,1.88791760930957,0.690838108123546,1.40552688085274,1.72679836421809,2.01933229715866,1.56605386174916,1.24810376872997,1.21341407377482,0.861412617291529,0.987194231014315,0.928907841393131,1.13856581251043,0.56883923010057,0.955514526508956,1.53055056115479,1.02628551938279,1.35944655134874,0.733905968629463,0.730240331899056,1.25226073615451,0.900258196566102,1.09369549665831,1.14112784971063,1.17029397186136,0.710223995820435,1.03732715784055,1.08691344251871,1.0178968625286,0,0.847931943886281,0.749558955922649,2.3131496979468,1.29468259930374,1.0285464683297,0.584584380696277,1.23783906272827,1.47738606378476,0.900760266883103,0.853884493114605,0.94858645646844,0.783942599877111,0.80019385779952,1.33189548372464,0.811244691031357,0.716385794600822,2.25581065725816,1.0359232283443,0.721390131250623,1.08664861437535,0.852837681466497,1.07650479444247,1.05509471626147,1.1164945680225,1.22104510522146,0.999169486036853,1.20701832754156,1.0659678086018,0.72869066726842,1.06047492689944,1.21716795538412,1.02382163167909,1.35579831752005,1.05827933303174,0.832805847532314,1.19101340912377,1.14181721121099,1.13615790209626,1.04077794384973,0.853070259759042,0.960136966064418,1.18635105894592,0.987939072112975,0.754749812958178
1.87917877014637,0.848759175957602,1.6716219607859,0.579344502189309,1.01947640272566,0.883351758777638,0.347093961631173,1.07836546324857,0.830014276337741,0.833170260892322,0.618126722083155,1.09575791011167,0.802221069312126,0.681256220108569,1.82980148052778,1.85814898627616,0.651806381614861,1.42287168150285,0.864712715540217,1.38661632405645,0.926929217310786,0.665833723366487,1.73229273734923,1.51795230145582,2.23409917106004,1.1355314180802,0.813346330128854,0.572639019893059,0.821964307016482,0.766948737210726,1.00074383225244,0.773075189794669,1.98415687834911,1.0494918560833,0.968542654649271,3.65808358149096,0.857447789952759,0.84398722480764,1.22410618022012,0.855954937158893,0.7892459337154,0.740638990263234,0.61497995611576,0.930013985626428,0.959039644447399,1.16839960299952,0.688071833301687,1.22121614533952,0.933990542168829,0.845170846098693,1.07207098187025,0.722938809160803,0.638591165784518,0.842120797578487,1.19557786605528,0.628288357668505,1.1006269100566,0.865112954519739,1.26328632316226,1.39514398221307,0.7856410253628,0.823900622814324,0.77966006795207,1.06131621832841,1.20844151993276,1.48438000476674,0.866190134727269,0.875028008947756,0.977734780417585,0.88322740557152,0.879729952235103,0.479601748651752,1.26455479778945,0.802103979849605,1.45186180968173,0.524249934471502,1.25967957902434,0.578746305162619,0.972015426764325,1.24422367627091,0.689743267900538,0.948469467367459,1.49880344285504,0.874122418612438,0.586761774189124,1.14242901000083,0.897205586924229,0.582638616516178,1.15353493585808,1.86803068394455,1.91640413988883,1.87673826995713,1.49944491840672,1.24893669026918,0.767642397629678,1.17163417725975,0.662890232956252,1.14948419508857,1.09557039864864,0.863693800228279,1.38626665252545,1.30485607876161,1.34444579269071,1.13965070431182,1.31234922652888,1.03170060080195,1.88681285540851,1.00346993859783,0.73276826556659,1.64050713110407,1.45101688974528,1.38396529922329,1.15111201519982,2.1788951402377,0.708716191967221,1.99453908347022,0.719928676209266,1.54592816619914,1.93757462283699,2.00984919530757,1.6727914112295,1.39350214037786,0.648046629514882,0.649245643006059,0.745549896945208,1.2034423600634,1.24903763979573,0.806954296960894,1.15500435442458,1.6072309288835,0.909244120408185,1.56726625665637,0.825433081134244,0.794194476361728,1.37080500188748,0.624001058643026,1.14316001533226,1.11446816694264,1.34579069651466,0.680773812321537,0.77416024967512,1.10144655690948,0.744972580838609,0.847931943886281,0,0.539625539201024,2.64092307354726,1.41555459344148,0.736491421509831,0.494136810768163,1.3837198187225,1.63784651206129,0.512184704991428,0.613289342985105,0.582722577852245,0.742679943637204,0.659244684583651,1.39906630762638,0.375054310774364,0.619129780133859,2.40764929143685,0.884541566413443,0.665326439323928,0.639993032834099,0.313080917961104,1.1037728507406,1.00906638990673,0.771766049721726,1.25931232614411,0.834147258910403,1.07542546303877,0.999493843730587,0.619571788311615,0.788452608584461,0.822409515231075,0.857921682723766,1.61970179238526,0.665575320636703,0.986470818784596,1.19733558819787,0.834804169687814,1.22733991720999,1.2671620709638,1.02237336361925,0.750745927362116,1.37642698975166,0.930878215445207,0.310602054902378
1.98686271265769,0.822645693494081,1.54477385133541,0.787936860232103,0.823225082912368,0.869606842662164,0.640621183897063,0.898478307892339,0.927340929362012,0.634606383373126,0.613106345321321,1.20182113710482,0.891754472455227,0.649839451644685,1.67604855023865,1.84147788170791,0.753433842585704,1.40761000123706,0.689379035067613,1.16632922350799,0.73748621661765,0.859956286253015,1.77774335843343,1.35229583829217,2.13534842198488,1.15423402640585,0.739103847378479,0.766152489828887,0.62084278351707,0.835301047510248,0.865131359584663,0.879762323212318,1.92625959681547,1.03640419759328,0.931262402681787,3.59443163304074,0.590003096855308,0.869866352709622,1.03039088517748,0.770327201444979,0.748135353088521,0.718279144633441,0.468875956162376,0.862687250691616,0.967448272358433,1.07149842828526,0.791803694536947,1.11099623853715,0.864485459507045,0.746332761774649,1.15852178715298,0.855977914931705,0.824064204328966,0.9058040691159,1.13909022849211,0.635586426047886,1.02187129269127,0.619604892084601,1.06235608446246,1.26562192223908,0.775947418404204,0.784386535432085,0.755747740937226,0.972657407102395,1.17214832085952,1.39010805592368,0.762895961342498,0.795363168784964,0.823918552958036,0.816272065482147,0.728226139337946,0.569705163461395,1.1233730983087,0.732339750327261,1.43318022983753,0.3831791593521,1.15560177555322,0.710175129288305,0.953624395283936,1.02247259701621,0.624793298031621,0.981508508842002,1.4211421117785,0.678637847320937,0.577014868038671,1.08617366754349,0.75770782223089,0.70539213260637,1.2533065911026,1.84674572935626,1.8612847428684,1.6992201056659,1.47439691730865,1.25103833316334,0.806793588930505,1.0641198250668,0.709678486346249,1.21323678939752,0.885619745983975,0.881921138709693,1.43448753495463,1.18907026028997,1.3221193858342,1.06564187671703,1.24212222524583,0.978707906467623,1.7437561250148,0.905710870865507,0.702722653197471,1.57070889401689,1.28226356347079,1.26867654937726,1.10380237677199,2.07332113320073,0.723013356403159,2.00326957100597,0.661366983549534,1.56166038805321,1.86227927065231,2.00398447128767,1.75857787019569,1.2529843695342,0.92334939059665,0.632091986927903,0.511511096604613,1.1286390956927,1.09220907127982,0.714062783606578,1.08205228804978,1.56781478651567,1.0847918992336,1.55596043502942,0.770710271864416,0.592987736348546,1.11657682969885,0.717284177609875,1.08821792586528,1.09409366940709,1.27983368434494,0.57732135457676,0.796285873723719,1.0977374260019,0.812392138500814,0.749558955922649,0.539625539201024,0,2.55155893642279,1.39797408644937,0.690359905552099,0.524663902528503,1.38809277024143,1.6925375369541,0.61153420723376,0.685423353698565,0.740235313110078,0.659355177299155,0.340710750968357,1.42426040364885,0.51969167531114,0.75424687098164,2.36776865126271,0.860164756029389,0.670668209416783,0.648204806307909,0.631789834609067,0.981420033124949,0.861160029758913,1.02134955547934,1.19506250743142,0.886533100093058,1.102556023095,1.00556034189244,0.560363978521716,0.872884468937342,0.806878854059745,0.895172887952238,1.59275720553186,0.85043014584049,0.911040554376366,1.13598590186776,0.775233152152887,1.17129565575693,1.05939318019008,0.950314974251082,0.668708668826125,1.34419654187968,0.901342647972891,0.58625508722479
2.60742775091347,2.74706822297305,1.90902151082931,2.3241667595842,2.34761935856087,2.35047175941507,2.79558330893664,2.11277728280767,2.73279629203304,2.32922904896693,2.75792408889486,3.15534922102172,2.70443125758799,2.39685285592084,1.63317228303371,1.81944883136549,2.80576278895771,1.89356039138156,2.17553796983629,2.53876881637765,2.41493892962254,2.42522614500168,2.68437246840145,1.48842244730452,1.77844705666994,2.3112392072716,2.9485825899916,2.89464551360182,2.5837995276271,2.713763521935,2.12331663335229,2.8507355449406,2.09729785429706,2.87937658041263,2.26918875429988,2.42653764129018,2.61039445686541,2.5764676046885,2.7977301252726,2.65152307264842,2.47769692313596,2.65047494164878,2.64188796067523,2.45689486527995,3.06545307298859,1.9456962691218,3.03311938241344,1.85283281246982,2.35129908558754,2.21076408855948,2.96772048114495,2.57753945077068,2.96261696297295,2.4392685568756,1.81369561196307,2.83423465149253,2.00248662390142,2.62312912340424,2.21232559699148,2.93505232206892,2.82956924300341,2.1931298177832,2.38028842607594,1.93624999507517,1.84967938587556,1.69123613347886,2.53654566544677,2.43258502920376,2.18556550567545,2.21270237020058,2.89475198023125,2.67597423917694,2.0893393942298,2.9119341888816,2.35466927295431,2.55835888868903,2.62110759420315,2.44403153025187,2.34441723141941,2.25319936003822,2.61473978429003,2.74046982685827,1.92998651430442,2.41180378592217,2.68712358860562,2.42590289065084,2.40339411327969,2.36762322560636,3.01967272459254,2.47993559348681,2.32593830032346,2.15119833749888,3.07348760348808,1.97886000087036,2.51008969418939,1.80767207904325,2.70743099936345,2.16321605828604,2.26845610531725,2.47405266659728,2.26604954918159,1.70983079859129,2.1154152670461,2.27754711527264,3.14302544044136,2.7335410409135,2.43458622100365,2.88767790767407,2.3171892673576,2.15174023454494,1.70328815404396,2.03261848219187,1.85306238788947,1.6025883906845,2.21898054231677,1.71597938976218,2.29403563966454,2.16218071883728,1.75209657147767,2.16260507227668,2.06119109777104,2.09262226832776,2.92320520570394,2.76074678207963,2.82494580152378,2.3589723939949,2.09208717396861,2.50702702619535,2.3445438026156,1.60178355190005,2.90313847511274,1.97347340214149,2.39532730809714,2.50011006776859,2.94083498524792,2.63991789396641,2.73715345912956,2.17807309161176,1.81560575281679,2.22865864159656,2.66773041874084,2.15265280266632,2.9050765262823,2.3131496979468,2.64092307354726,2.55155893642279,0,2.14905601268669,2.94449495595284,2.39057144868632,2.06530384323026,1.99013197318356,2.58513007434443,2.3005534622993,2.79737847026508,2.39573664261362,2.50884909535534,1.87105329505152,2.60868027410955,2.69775181120357,1.88714107661996,2.30539733800518,2.79333190107032,2.90191278284288,2.63761012899542,2.1860906112689,2.74846229771904,2.8058717997447,2.72041901775681,2.45073221490354,1.92681348702936,2.09204042873858,2.61413159602849,2.91256113276859,3.0427898599233,3.03890849688546,1.62206172129413,2.48662748873554,2.18725950296512,2.22814042088606,2.86323529241663,2.30055339482623,2.11443218284219,2.13318505787986,2.48531889992643,1.90166724838323,2.22163512885615,2.64349053070026
2.15763388190407,1.31311702400533,1.78730368108193,1.29919314678936,1.50652060942479,1.34282701707101,1.38611433776883,1.42242837239184,1.56363357163453,1.19616413864775,1.46879857767049,2.07722337338982,1.43533080327479,1.33154004838126,1.63540641795612,1.8382906891829,1.44264471149663,1.44204043920529,1.22642870073674,1.79999686099781,1.1313795481625,1.38666138236162,2.35568049658261,1.45393668598012,2.1338728582273,1.57306087699039,1.79406425428059,1.59991576063327,1.29472506355127,1.34621438897065,1.40651390267195,1.79824274319064,2.1362919504936,1.9022737318716,1.44086519126549,3.40935036746392,1.32762696413046,1.17034666660617,1.97808801133536,1.80019319418093,1.44296287823436,1.41349207237771,1.31731265437692,1.58032803263096,1.8665790661369,1.03528683605708,1.76903167708446,1.20185411385387,1.4155012744646,1.27701727509227,1.9955426014814,1.62667469470049,1.8271853882601,1.51538857127243,1.39783016931476,1.58160332525528,1.34261043875986,1.63157035664638,1.51707472459471,2.1376026582704,1.72437440449222,1.20045619182044,1.4582287823689,1.16870324509017,1.20171191705912,1.50803923221766,1.27501467052345,1.10514658458994,1.29823414265368,0.920504700027236,1.61318327560397,1.36640197574212,1.60114421400191,1.88576074378491,1.93467260894928,1.44692973317671,1.94352402644859,1.20225810664596,1.132689194523,1.34290385173838,1.35380659683567,1.81707384380228,1.62475071975589,1.42117357274789,1.38840776217067,1.50657778798175,1.57243575253618,1.28818787091264,1.9667879732323,2.00794686277934,1.86458869162108,1.97289457817126,2.36644130491129,1.46657043020792,1.27982699412071,1.30599659667153,1.32837803290518,1.67365222093903,1.33002999130332,1.24922201342091,1.38366458747071,1.4109266009292,1.17113102824634,1.07863689826278,2.28323468935182,1.218391285758,2.34459402910698,1.49695540679847,1.38070030962473,1.58943768633329,1.27094571885881,1.67926307697235,1.19707440409176,1.80107819903856,1.27314373997262,1.78334130607579,0.885786291367705,1.78755314252801,1.2410724178328,1.99602661178531,1.41860399644107,1.66919417012611,1.78020314720586,1.49526675786097,1.55211609792226,1.77361826033889,1.12684457892502,1.41016458235922,0.856184341972534,1.38587197223345,1.65685886254697,1.25628263996736,1.09405711820081,1.32678168920058,2.06819302856549,1.26338695684248,1.88461880972283,1.41489316062036,1.21231432303921,1.3223950193601,1.22477347385042,1.55946125803341,1.35635784625478,1.29468259930374,1.41555459344148,1.39797408644937,2.14905601268669,0,1.6617599252247,1.27005858361139,1.6990817113768,1.56023289180023,1.20994428865259,1.16757890526579,1.42839649574032,1.59798512352196,1.39848009762264,1.39808845600036,1.23163890264063,1.67439376298663,1.87780478303384,1.16528832535148,1.65384678059445,1.53483359648933,1.44828988375227,1.18743844391376,1.79933608879072,1.60542508082129,2.04921910070363,1.08715127213149,1.10082857736283,0.89837999180108,1.38538098823966,1.74525515561601,1.76921347033124,1.68201019462317,1.53720990233338,1.40508061978696,1.13087065829974,1.47236795619372,1.84376214188274,0.87294237174428,1.08695689723417,1.17165185313907,1.50833830455417,1.10647985752906,1.38588877747127,1.45372129813151
2.19813619331114,0.81657981052032,1.98593793442435,1.08695511292689,1.07131708955367,1.16853722157586,0.724493714525644,1.33178421112709,1.00487899608264,1.00983356106492,0.61718051834083,0.981436316417363,1.02225379866978,0.994754021581669,2.08101093901681,2.21616447416758,0.775964495266309,1.77167184504461,1.15108924705873,1.34484250936204,1.01633827079847,1.10206116108211,1.87981380246271,1.79378651911697,2.51858697015226,1.4548752864218,0.509403380558777,0.704956938381705,0.906195766056272,0.818049578933807,1.32606282698445,0.988383621393194,2.18681366810984,0.962733612983215,1.29368358891293,3.94087255351771,0.650857558067388,1.11144300336647,1.19675569712034,0.893235569211694,1.05126407708738,0.643949915920565,0.67931150890831,1.16697102952326,0.751453458555194,1.52193860003074,0.644896428341125,1.57809632055986,1.11828459855502,1.05735450480977,1.19008567196338,1.00708036293679,0.724152103812857,1.26826398229825,1.57680616133594,0.715349554424825,1.25999203341608,0.816323774515324,1.44195872531375,1.32481381306122,0.682013839932064,1.14190029583718,1.15275485092662,1.42099621906939,1.58669788215063,1.81024676437046,1.06019109695878,1.14660830933448,1.20212241270657,1.24375796384344,0.406270413404102,0.570550118846934,1.55733725370214,0.759321927031132,1.77188657815519,0.789671018125223,1.34704466843274,0.902587767404964,1.0433926877083,1.25966597757617,0.812606361416525,1.18953180062966,1.67633596500927,0.868508157946305,0.559061715837925,1.45848609078488,1.16732098399571,0.955269147312325,1.32662889103156,2.08831213637682,2.17122739735074,2.09028206795948,1.58732588511375,1.71896279161373,0.983143822940242,1.51760290024112,0.711358983965328,1.58565215008311,1.15958822932752,1.1871904642704,1.76630870348004,1.68224467533436,1.68383774149658,1.40749988884117,1.25167422000278,1.07318074928586,2.05730342733447,0.717825350858138,1.00047923657163,1.95904054323072,1.74470226392981,1.70560972685435,1.49354061092164,2.49248340049506,1.04009232629818,2.38610061829084,1.007659260945,1.75878934856916,2.19428439863275,2.16766735703517,1.98114346120102,1.5527592021759,0.999047527317471,0.623073439214584,0.510823631932558,1.40240648267495,1.43522238103172,1.03140111337498,1.30849599449235,1.98685282550493,1.10082283091025,1.91431258314065,1.0583430796289,0.799757593399023,1.11954454774041,0.912550206038623,1.31527644008571,1.49139058332824,1.73022697754188,0.965664548951107,0.930284304056064,1.52128366242595,0.629070853807991,1.0285464683297,0.736491421509831,0.690359905552099,2.94449495595284,1.6617599252247,0,0.803157000856076,1.54300370053496,2.02404446069299,0.82692211636859,0.943348740354253,0.629164178628349,1.04464706718206,0.686051797444561,1.78682785219951,0.6771899304203,0.863265109676174,2.72722993389855,1.11966024291912,0.851945448686178,0.501183437862229,0.848847555378263,1.30612669429666,0.914884281291944,1.1210119637336,1.37456432298447,1.17868163959371,1.49125298529303,1.382619889198,0.664781280294428,0.871442025705155,0.577361102301927,0.799589479020588,1.92904197011167,1.14323715628471,1.23440121719419,1.2763394686958,0.80109672860804,1.49217010237157,1.3453561498914,1.24638879727022,1.00910074011646,1.69911576927289,1.36041118527548,0.820250578408633
1.70883932529151,0.909361482080818,1.40001102649583,0.503685475260397,0.732414485424756,0.582961659850113,0.632944805148649,0.86805105944851,0.640195720218748,0.698716095204217,0.716813453404025,1.05259995558365,0.653133646259238,0.799370353918102,1.52083595516826,1.61971019405368,0.530943767676349,1.20566136180296,0.693312451480216,1.35328389864711,0.876649125013117,0.572799648683518,1.57736704995558,1.21619622414255,2.06548050115695,0.881328173213746,0.864650756544944,0.669519714178509,0.921572305573642,0.654403593983853,0.86516377036207,0.924275191937242,1.69419824606141,0.950538288010487,0.739651221063017,3.38034001587761,0.663385069365065,0.959312507019968,1.07290894718617,0.799586650869105,0.543579324993266,0.723267776946816,0.589163647175937,0.690075503072242,1.20821894246323,1.01516394748304,0.771975385941104,0.988519808911192,0.826871865689713,0.666327090296673,1.12658028530922,0.767016418957865,0.818166684886144,0.67785809871556,0.998044449082142,0.590138506486903,0.735326602038818,0.681231279544274,0.958590103184251,1.46314108975651,0.738758800175539,0.633404315922699,0.602908889574445,0.811366591807169,0.950807213190285,1.28552071099031,0.776233378854167,0.706766519622069,0.688928713506911,0.780576513232975,0.874934495225485,0.473838382569335,1.03348177525526,0.928707004580528,1.21396140469442,0.568023740426328,1.23462605159675,0.426545247384962,0.654371332317783,0.951793481849437,0.520898477850945,0.788735964282966,1.26495134477535,0.642365154482874,0.580825725635534,0.961605743789085,0.770919288040217,0.582505095351799,1.04908050288913,1.57897450337412,1.62538835493609,1.57879755370221,1.38462186937932,1.1380693640888,0.612003368908971,0.857015141239508,0.564070994446373,1.05369769446142,0.840612926604326,0.736045749423555,1.19367607897739,1.09054422235395,1.21819378686371,1.01441413211182,1.29063194775767,1.04785083281668,1.8442733271537,1.09693293368339,0.516795957192925,1.41889190636431,1.16969241577284,1.16190841958175,1.02802004671348,1.93777616462807,0.490095825413817,1.79555437914652,0.629560933342866,1.24059390037938,1.63006940474871,1.83170820156283,1.41130699871739,1.16238456723319,0.823480696962154,0.800091196852608,0.837520660824148,1.16865120899587,0.996161761512667,0.600045380122022,0.898079511857706,1.40508701054021,0.812467511296062,1.28958644747395,0.752907241992685,0.562226212715168,1.21345948477163,0.625013198995429,0.93295178604301,1.07185485117175,1.09148911403771,0.573788493054899,0.891187590187628,0.870685932561293,0.723463306351292,0.584584380696277,0.494136810768163,0.524663902528503,2.39057144868632,1.27005858361139,0.803157000856076,0,1.1571343976193,1.4612775874513,0.659430466398265,0.5758538202869,0.616507994018182,0.659156127474284,0.58446172906557,1.15278897050702,0.497357163079625,0.580392408230065,2.17372711205484,0.903389079695897,0.640661388701835,0.872173315950039,0.617245489975531,0.921031088151672,0.994074241069704,0.733459690668392,1.09411856686948,0.831372012157709,0.971181440911774,0.876855944219042,0.458210134196613,0.699112775215523,1.05892527225682,0.811087492913788,1.35486664971924,0.683739936890493,0.785326975035677,1.07282250622074,0.947892404852267,1.07483352543899,0.915496715104425,0.810346728287087,0.706134726690724,1.20658815592403,0.751422282130999,0.589924017876521
1.73014190343996,1.70440703598939,1.35019683403156,1.13839350805989,1.11712000172308,1.16094470048717,1.57938583789968,1.15247858656304,1.3823684117639,1.31447666252683,1.49315217324224,1.70830145196874,1.34795382675601,1.41591650805499,1.34724686333518,1.29151382165624,1.38868820770244,1.09609739921912,1.2752969135701,1.85939694131267,1.42496673124977,1.17376672230516,1.72798489197813,1.21860044031726,1.86417990690682,1.07950678615816,1.6199323883994,1.48627860318239,1.64436322588016,1.39695353756864,1.38924658536423,1.63843283640713,1.66454950421849,1.41187424228915,1.16082299768612,2.7124132557375,1.39986696465751,1.63584423409102,1.64447632498191,1.31875874156268,1.16403484844496,1.55984664841856,1.3751260071082,1.16767346560771,1.93502052579181,1.35134751280703,1.60921606922156,1.39297626843815,1.09501537084761,1.02061045331509,1.74247264292447,1.49643412936755,1.60295796861724,1.33127524388101,1.1770801814959,1.46841605564636,0.975720633549879,1.50304711253776,1.21804907019157,2.00876880522211,1.44311981191655,1.06356654183193,1.15040825075638,1.2039480887468,1.23890520230677,1.19408822448456,1.54204334849359,1.42468124867798,1.16850198572752,1.35282478945659,1.57420841469618,1.2487749202747,1.26805637956631,1.68511599630252,1.32339586001231,1.43020613903767,1.65366503583025,1.24141997701954,1.16212618001816,1.14752851215533,1.34531111011996,1.40318535264755,0.807136140684458,1.14853351527005,1.29866848263873,1.54109836823676,1.43950151240066,1.17032380440208,1.62881244737822,1.56262543843851,1.59077811317171,1.69288517190234,1.78703219003167,1.52964176207239,1.28884963535231,1.18735442742671,1.25770538825453,1.25746951454907,1.21406936533473,1.41320945581798,1.48728115371077,1.1223925673231,1.53264033681125,1.40815678347234,1.93262272708775,1.66740506997377,1.92141846667507,1.69399952998112,1.05041209084254,1.65728060555652,1.15416869240754,1.22744891958119,1.10586878938983,1.70170577464199,1.04974147775574,1.51099735348784,1.29788126602624,0.878672858624785,1.6782641364803,1.33094647633368,1.25361516470466,1.33079767982281,1.60307162124486,1.51295209130222,1.69301980255209,1.39223720157684,1.11962686367978,1.36936128528996,1.47814448354358,1.31044235901038,1.45433674246729,1.34902754245263,1.39317316596633,1.24413512221813,1.79033129261778,1.41899636721159,1.43598268667751,1.41251573129525,1.23325088790249,1.1124196237111,1.64088648986543,1.16547844058288,1.52701887973822,1.23783906272827,1.3837198187225,1.38809277024143,2.06530384323026,1.6990817113768,1.54300370053496,1.1571343976193,0,1.67249201245398,1.45316387778973,1.12260898595475,1.32116752320994,1.23224541700511,1.43535847750632,1.12380069012135,1.38587325530791,1.27944271663824,2.02709263834583,1.27838221191885,1.45814168781255,1.70194889605088,1.40977256668641,1.39165947019302,1.75407552104368,1.40489795136854,1.53713944892188,1.5026405940505,1.27569874724294,1.35777435843878,1.23723048666929,1.41699327775362,1.85752487482161,1.62291430991488,1.48682648352302,1.33252546313859,1.2618748510651,1.6978030780486,1.66022182604019,1.60634037823071,1.19977376341683,1.18100566083908,1.41107523343879,1.47519682972066,1.26764708877492,1.43922538824986
1.93496609930087,2.0961465309816,1.45708670626892,1.52248637700249,1.65951128774417,1.50520799959459,1.70122144160506,1.58227701239272,1.71171347474637,1.72103358942473,1.93538196418372,1.92408976082597,1.8217663816721,1.69521539191276,1.6774681379038,1.82737489338641,1.67392087447478,1.70659312016044,1.29328392439751,1.9876866573435,1.93985324603062,1.60819642124416,1.76836280728096,1.5304355582479,2.05888847810612,1.62203113929281,1.94228125684696,1.86154347423689,1.9712409545914,1.90669826045903,1.18448121109387,1.76603697871345,1.2415479063676,1.89548448731659,1.55676250910056,3.15871426154976,1.81900668370061,1.9837994915473,1.74669013740545,1.65588413891453,1.6306420041481,1.89913889281332,1.85777736170073,1.53977136171951,2.14988692281511,1.737504256261,1.89161232857391,1.60663312210162,1.52675968350619,1.73970513602794,1.60558155481329,1.62412218785552,1.74524413744421,1.42366135236917,1.45159903259968,1.78353821500145,1.55446255302603,1.65077306820034,1.67420283023081,2.08333795891126,1.82548453044612,1.58731195209885,1.44089170863616,1.33741127331969,1.43932237008075,1.54090661549392,1.83206719849999,1.7094328026478,1.60943907571133,1.67903595487081,2.07791368751664,1.80513481370225,1.41547981860941,1.81460758127831,1.47458712140313,1.64142389328988,1.87730992986054,1.5627149605736,1.33910388135658,1.92681390025176,1.73380958110349,1.50978503003958,1.84319917462897,1.74949953381543,1.86962342267183,1.63369399957419,1.20637942133964,1.70839619500996,1.79153734460133,2.00459294472317,1.80652055564434,1.8278663938769,1.74682275345627,1.44142501700716,1.80882084015677,1.32464823702358,1.83701926704341,1.06490756129981,1.85330281741021,1.77259646770526,1.81609373994913,1.47545721782203,1.93434227838349,1.91619775177131,1.87211523468127,2.21060063526337,1.97692594193982,2.28453220677114,1.5622927169041,1.84045850447959,1.55483519252667,1.60120938929201,1.55658534651446,2.0340988372094,1.47112860197233,1.78485543575,1.61048529115306,1.692790773888,1.71004042719309,2.120692549886,1.64581116469675,1.66611068829638,1.71400880375901,1.920810409279,1.93979376772178,1.65901895411111,1.69499979099578,1.52309819548533,1.68009358253268,1.63998252122384,1.63672196544762,1.27655882533442,1.85078155986663,1.83446525488577,1.99603811322232,1.84200493262614,1.61131518621898,1.68223180404727,1.31168540774512,1.44438446891438,2.03391301382776,1.49456491593146,1.8755773251742,1.47738606378476,1.63784651206129,1.6925375369541,1.99013197318356,1.56023289180023,2.02404446069299,1.4612775874513,1.67249201245398,0,1.85584016144519,1.67410211389244,1.89436467738659,1.44986426069172,1.70111733933538,1.45090958894661,1.50793824864481,1.5914424752749,2.06040222252993,1.86700719808924,1.6786790075431,2.01609439138316,1.56500373996359,1.85766476516972,1.66955340975543,1.7193907607591,1.51204445148596,1.90295804604197,1.54823093951987,1.67734142278814,1.73028675864808,1.77800179397492,2.06778301577683,1.98635189043394,1.34545063288543,1.6797791248296,1.81938523040731,1.65428521417906,1.84113395263168,1.84112620581759,1.68531946189299,1.71250470299354,1.52717291484409,1.82759949504816,1.46296425055141,1.6283673202066
2.04603171670846,0.480579516053269,1.73912315390162,0.668539327590401,1.10449695529937,0.940392076714556,0.564372112914693,1.09883570507812,0.969823526916881,0.740520760335983,0.591455357045865,1.4327907881846,0.84479469871256,0.646109159972018,1.78470906968114,1.85221178986594,0.861021452906806,1.36649165960392,0.993145384455865,1.35419672351549,0.601985470087085,0.804988568878135,2.01631003982583,1.48251194820292,2.18267935674508,1.24341674804693,1.02087335902721,0.782890932685962,0.535377471932834,0.662872138058116,1.1401578136503,1.05187014426499,2.17804903282574,1.30995370712815,1.06817732325157,3.68399151080118,0.776590916400015,0.409853848007473,1.46329334429157,1.16612207057183,0.886847791681339,0.652389392793537,0.533807650827644,1.11143615940642,1.05978790078108,0.938852587024868,0.978311451420332,1.07843558843357,1.05495239910878,0.76985049308702,1.48578970829725,0.943960917722026,1.02225522902473,1.03789859890636,1.23940642712508,0.838355075849335,1.07680794705906,1.02249975019605,1.31181806176569,1.54764045220799,1.04676649168731,0.775564663156806,0.95723705585545,1.04503686954325,1.15702850377388,1.4511445898337,0.67153315349494,0.709851886392555,0.92812653706579,0.641668130669176,0.87961368448423,0.529608498854198,1.36816557661879,1.12461624999561,1.65372969918795,0.650204923137607,1.42181877985052,0.62721712253318,1.07611614756559,1.12199508523437,0.708142409636248,1.29087346932001,1.48425101487263,0.889993368228245,0.566467752669595,1.16599344968531,1.179484376131,0.612396388812074,1.45090624167236,1.94978258471947,1.97227520707136,1.90558827673821,1.88558816974796,1.25464894533793,0.670949979673862,1.18657971185928,0.660675191397605,1.44132360806083,1.00812561829736,0.727198062346757,1.26956062626106,1.29707814623575,1.08797086703341,0.885187799163644,1.66611000972982,0.613195989307847,2.0252780565681,0.75074184667783,0.811163714974311,1.57446390724524,1.37123868682246,1.46606581308675,1.0595709406099,2.09783593809462,0.765945394064922,1.97087253228344,0.516036088382319,1.63470911460359,1.80899565636212,2.02995485989046,1.70231599007378,1.46299866685727,1.04302405140847,0.667475496782647,0.744594657069785,1.33862892535132,1.14253329816585,0.91431842529224,0.957268486740754,1.51073788013468,1.173293397931,1.6143901376142,0.503132780697392,0.712388912089603,1.54011580397749,0.492328335840625,1.42854898286023,1.07394466631278,1.34450845758613,0.785639245145667,0.349574059893882,1.22017156338359,0.805478725360404,0.900760266883103,0.512184704991428,0.61153420723376,2.58513007434443,1.20994428865259,0.82692211636859,0.659430466398265,1.45316387778973,1.85584016144519,0,0.537910452213655,0.628847275395293,1.0249769358157,0.691535921184458,1.41414232818783,0.619228296006542,0.978067615030581,2.35735082196509,0.609095256250644,0.93431486352561,0.617721001881773,0.637378933287325,0.91037967352772,1.21888882804538,0.988233542679309,1.58099591220249,0.471337699871169,1.02994441183457,0.744259315872703,0.659410629518375,1.07741255227344,0.93338849848674,0.968207782165879,1.63148817595459,0.771903209122933,0.733377023524387,1.13563128692419,1.10823845459281,0.943016092522039,1.16132127798206,0.850111766595595,0.94798170282851,1.10984452173794,1.02706057712216,0.580529087082417
1.8148246142702,0.849878775132711,1.51050030623989,0.580137389541971,0.932277564132404,0.896557604846974,0.767922631153214,0.855653702200998,0.995036233257544,0.563515111404568,0.827201309671206,1.40523104593918,0.856776195487858,0.601582407974938,1.5705298755987,1.59214908924498,0.896559641595858,1.14523566037914,0.831116440889357,1.44886872311717,0.634389245232526,0.646780520803613,1.72617867859644,1.1920422892143,2.03779115052857,0.972167575955236,1.13292792653673,0.954065143630485,0.777626835446529,0.816377193916491,1.08268518334901,1.19262743073597,1.93690411052357,1.10832281960735,0.85894744096647,3.31322730796953,0.841249476058271,0.730884954458942,1.47053599317039,1.09407787564522,0.789786768329526,0.750229967241285,0.628329945352145,0.951614374989778,1.22627515155252,0.764502531198307,1.09392050822343,0.898931278982783,0.908374807822865,0.53849143695582,1.43770881779689,1.00667877173484,1.11744634139876,0.915451241167762,0.86766329057504,0.903401025685936,0.869004623403029,1.08617900397728,1.05705430619817,1.61747701366603,0.952798005030092,0.580620657790814,0.837665952197278,0.832648114104655,0.9296130295857,1.13627826080449,0.883017840758862,0.766092886835593,0.792777578176301,0.597738605083112,0.982530998641993,0.599481986821159,1.19701498153855,1.19008103471706,1.53274017999359,0.762911837063904,1.43194541667947,0.576394610431433,0.867386806215364,0.822739914008685,0.794662405021014,1.22298374458518,1.06719069329926,0.740511610118219,0.555875248479972,1.16139670308729,1.12104230727841,0.488771846015358,1.39650917764724,1.66019952902565,1.69326320137595,1.77666281373562,1.79062068805399,1.12528443199826,0.711039201455514,0.973197560073608,0.677464844174333,1.17639707488814,0.774891476711848,0.815686226778991,1.15124860541153,1.10704666077819,0.962483057769116,0.759155440505712,1.70414535486981,0.843326667760809,1.96651802001654,0.963141332063596,0.673881112117632,1.42026550039028,1.10541469346621,1.25700978830475,0.819646168666088,1.73011142798848,0.57757805997577,1.69734653859958,0.575491548650194,1.30852529361524,1.58068423523416,1.56326241724539,1.41399240507815,1.14776930542929,1.07650618525959,0.78671236401126,0.97134694547045,1.20860382135962,0.984192101179118,0.971098291029894,1.01427766715715,1.28699509829207,1.16979688556052,1.3220907574091,0.675421248317204,0.690932109768867,1.58081532592293,0.648271754044074,1.34033641704289,1.05632862920582,1.12609521549094,0.68539836778103,0.731679839074479,1.08024482296622,0.909827239134778,0.853884493114605,0.613289342985105,0.685423353698565,2.3005534622993,1.16757890526579,0.943348740354253,0.5758538202869,1.12260898595475,1.67410211389244,0.537910452213655,0,0.669791623468783,0.93413526183084,0.720625326987766,1.12882263417802,0.681460557050761,0.922142662714016,2.01065119545854,0.545912895582128,1.03688430528248,0.874568254551183,0.720454320675762,0.737646148317951,1.29136034051301,0.964967720018782,1.50909076308014,0.629257662847073,0.771350054764869,0.607272589169215,0.672390850632351,1.05950629598173,1.14453048620831,1.13785581006427,1.47395051223913,0.74612521375455,0.721846240754222,1.15761763310823,1.19483020534465,0.955192018558786,0.953219542196225,0.615495438459968,0.965677018104918,1.04886231816044,0.821205816876119,0.714375850904417
1.79085894680813,0.771199115539859,1.77247781762579,0.737418985179477,1.01442486298815,0.889651397922469,0.575103807664,1.16625327768397,0.657034410918487,0.829625500342735,0.635723673063154,0.979977153653391,0.593267924090279,0.982551561208853,1.84749041716798,1.88165112050679,0.517032197168475,1.4103194461269,1.08878471452435,1.59391795588724,0.860591469014884,0.677383194899408,1.73967516409761,1.5798946020665,2.36276064224684,1.06214518255271,0.849179780584613,0.577898436854229,0.961642753608752,0.489268900318021,1.35214836098778,1.05011497463377,2.03285499741925,0.908434443951624,1.01236118542387,3.63804907249702,0.754936951643917,0.948181771363945,1.35036549817222,1.01347977804356,0.745204168105352,0.672585356299761,0.488917492580082,0.97233279263298,1.15509712611979,1.25760941816681,0.686856957464901,1.30821019903192,1.0457461936248,0.802854651090948,1.26781685260164,0.953968940240133,0.8469747697529,0.952177065776626,1.33917515868904,0.543119770085603,1.05721896582559,0.982250100006453,1.18634511746758,1.65401940280439,0.693343790239587,0.907059023989331,0.894004504824853,1.14720759422341,1.3040584650043,1.55651414001453,0.953892100271106,0.856680049757884,0.933291825979412,0.954546906440429,0.688211262396983,0.283169711725477,1.43787630911114,1.05686236701633,1.61463811300942,0.801661758134795,1.46615039474632,0.522094498477598,0.866136476704062,1.03227648377137,0.669621118513616,1.03867982173375,1.43897304730414,0.825824766093357,0.337252116894766,1.26019652079636,1.19947368782243,0.654524966267564,1.07308984856424,1.6900432425209,1.78672387093648,1.95629058281776,1.62773995839219,1.47937335159175,0.71880406110422,1.29911815394474,0.308229391469636,1.38739550175095,0.95182601260143,0.908324147727605,1.36760502308083,1.45836384179937,1.34673565288469,1.03621967349983,1.5197001795009,0.860594884781467,2.14559017374599,0.859983420617192,0.856508656473294,1.68768343434245,1.50034287031327,1.52624738137812,1.25354543930893,2.20442921002432,0.726973098857581,2.02071089958398,0.81430997145325,1.4155205380546,1.85852132582646,1.90576014087757,1.60792429259306,1.41049559677512,0.822132844371499,0.722618093242241,0.885882234386251,1.40743537485583,1.21335894129411,0.938948714461978,1.08311978768668,1.70201304388613,0.790001948947334,1.55093004804631,0.80446778908559,0.627560548820783,1.45197996844606,0.482995747820923,1.19655726891839,1.34793533455623,1.43740534745362,0.990717711591228,0.822847579779584,1.26571473190837,0.425669468333063,0.94858645646844,0.582722577852245,0.740235313110078,2.79737847026508,1.42839649574032,0.629164178628349,0.616507994018182,1.32116752320994,1.89436467738659,0.628847275395293,0.669791623468783,0,1.03097181464631,0.829329593989178,1.40227934546086,0.619208793533473,0.737990203431286,2.37554817074693,0.958439166270857,0.842522764842044,0.722105321487557,0.748286696373934,1.04173154754765,1.2860472463172,0.660891310507262,1.39081431712496,0.819034051961978,1.24896410865706,1.04173811822284,0.447263808776303,0.685547546849016,1.00352187288802,0.690466258232811,1.77912501061694,0.748564455930819,0.971218890045301,1.33531056080823,1.09542751410789,1.18839034504023,1.13183780197132,0.953875062410482,1.02880617608132,1.42030805449291,1.05465771061166,0.699265873276021
1.81017399438383,1.29388302658154,1.32549235801099,0.822816103418635,0.883363537703493,0.814766856951924,0.9081259845174,0.892420261425493,0.950429598696213,1.0030357976569,0.861278698063039,1.20329954216129,1.00656748848089,0.918470266958503,1.55461059944839,1.70432050393652,0.879020361585235,1.32892369644556,0.601604164177684,1.19547030047312,1.1481638873055,0.918809677410201,1.6524946723169,1.24268153543983,2.02943344009899,1.10404340274633,0.855196202147729,0.817361711629251,1.11568448037304,1.04545518898821,0.657929709940361,0.724237325562041,1.67074154144969,1.15465545310814,0.871362436627815,3.40309495690613,0.911043503042874,1.25618893579646,0.780946037322828,0.503288780952826,0.794117760287526,1.13338893762405,0.916383515210523,0.76011233348515,1.30310779413719,1.2025861935159,0.903775905693307,1.20265081349191,0.73003727330256,0.896647546434947,1.02197321410583,0.71575750581111,0.862377242288344,0.812415516257851,1.05927327752567,0.809291992987098,1.07684273446294,0.685549544558935,1.04140903152209,1.37207345102357,0.93891969247222,0.807379335373495,0.673896875356606,1.03747238410854,1.12392019658265,1.36515300495539,0.968804114631413,0.994992202520698,0.899044683119111,1.05928442799756,1.09730127812713,0.836720522476891,0.824670715315828,0.811663512202496,1.07226003869714,0.687829256590523,0.848451265196676,0.914486293263701,1.02333146603112,1.26338567407096,0.760394962412572,0.729026097789928,1.37006135609855,0.77063417690815,0.972361441733857,0.994770981029678,0.597073444714576,0.870074491329066,1.13475330726943,1.76645452876435,1.7790929274965,1.41946243894456,1.15069573035423,1.18228661599747,0.974252642929738,0.927237458736239,0.955162689292654,1.00472157832013,1.12198912019166,0.983062170897619,1.44161711203502,1.01686968893711,1.48390418746793,1.33679015838285,1.05890329891566,1.41340542366645,1.50506743172469,1.35631121441361,0.757046339012163,1.48609343699429,1.24188313422569,0.99323358135944,1.20960865665694,2.0390181865413,0.863789818479213,1.8702389708598,0.925326115213216,1.39602178883142,1.94004504565158,2.01544270803035,1.67851213103983,1.31341043712368,0.91265082276512,1.0117078742253,0.960470667585277,1.08597810924352,1.11935908399766,0.679642340757294,1.23328681413207,1.52531456201582,1.0488727001942,1.42894840403664,1.05888450705978,0.921934181219666,1.07571184172886,0.983238049483815,0.785325109299536,0.916152300487211,1.15377254666166,0.621854757404866,1.20021061359794,0.913348654442838,1.11134940864574,0.783942599877111,0.742679943637204,0.659355177299155,2.39573664261362,1.59798512352196,1.04464706718206,0.659156127474284,1.23224541700511,1.44986426069172,1.0249769358157,0.93413526183084,1.03097181464631,0,0.722981142013701,1.34251341196276,0.74441618542341,0.694839683749984,2.32784369762309,1.17827496810282,0.633628806351112,1.10378788898207,0.754133703516563,1.19351012742333,0.911727246024353,1.02988701356404,0.816580134256183,1.196530087928,1.12467517213533,1.23497713214527,0.804763354642758,0.875329248384027,1.16066257006876,1.03114092855002,1.38594403827981,0.944645693636881,1.05919883259475,1.32498763766357,0.707050121953897,1.39171532276009,1.20785203855463,1.17316227271829,0.46918440105803,1.42635200667735,0.83954503163764,0.771308111541132
2.04471418179338,0.802372074160121,1.59010564242453,0.877904962972692,0.927083152364205,0.975260828106717,0.736960188481621,0.865926782824166,0.962787300287643,0.681871279517965,0.662499802831196,1.25451780875123,0.967688415599231,0.607702544446362,1.68156055691459,1.91266385963018,0.851624753967988,1.4816924293974,0.684825177860116,0.991539683707952,0.805247272854199,0.94035716842323,1.75773930904901,1.3719189491671,2.2149207958373,1.24996066237019,0.741621123254738,0.81064248111899,0.665348003833933,0.861998211093697,0.841471720624397,0.920919945511817,1.91647431444321,1.12984641096698,0.926844634952014,3.62017309810021,0.489790142996485,0.88826338650234,0.997709959960081,0.824960161541336,0.85570261869157,0.654413163069983,0.600808312689298,0.90001911420152,0.974106337001249,1.0788191403005,0.842877207898658,1.12540347804668,0.845379301198747,0.843332087832828,1.29198834560254,0.830498182395473,0.909557620486363,0.973599410435097,1.15092052184027,0.752664255185521,1.01233948276701,0.565963728213642,1.13698892581963,1.32918107641552,0.820851544007779,0.783708475058063,0.830310588408826,1.05677333100531,1.15965142634635,1.41360642603034,0.746269159064301,0.821800109096301,0.888118335745794,0.839509053024944,0.744695359723052,0.658724830936512,1.09446909220339,0.834559861835807,1.50572631577545,0.559104622091639,1.13147653291318,0.756728201937743,0.9235643738945,1.0369702482284,0.642655104026621,1.07643482265464,1.41717650935846,0.569324505449224,0.668241519828357,1.06300869343143,0.856196967776984,0.800248193441853,1.35304645373738,1.92018452514147,1.93031263857045,1.68132861296676,1.50704342144785,1.31778360097856,0.818363079738839,1.04987604344953,0.773313121796046,1.3259504475466,0.903677848714549,0.899074979109997,1.46850743315611,1.30550646412131,1.32998741209102,1.11340533098798,1.23943775344787,0.983961973550601,1.84664758204412,0.900941737517411,0.732226050812803,1.56681777602812,1.29378497750676,1.26725804424473,1.11928503783902,2.0537068270681,0.819059682268506,2.03767052552216,0.726214857244464,1.58311468890111,1.87358683419224,2.01045710329036,1.81735380072313,1.31698604146704,1.00499889231405,0.743583570652459,0.46998306415254,1.26007322229382,1.07244252268376,0.733179520964943,1.05909090745932,1.59353681576495,1.20717312422108,1.59982658093122,0.839661887480884,0.682612592283968,1.01201474522958,0.821596139398063,1.15124331543486,1.07219167681732,1.3147134194211,0.613210096637788,0.786056592840384,1.19194325749918,0.884032572652742,0.80019385779952,0.659244684583651,0.340710750968357,2.50884909535534,1.39848009762264,0.686051797444561,0.58446172906557,1.43535847750632,1.70111733933538,0.691535921184458,0.720625326987766,0.829329593989178,0.722981142013701,0,1.44323586933461,0.592336036358962,0.900971746928138,2.38834566502785,0.873639252806767,0.775120156019496,0.679175700729998,0.73648744738703,0.958378812606741,0.738907548726934,1.12723450602106,1.20268706188533,0.948892416388338,1.09527382036852,1.03804838011204,0.64149830160962,0.952728185059206,0.815233583552072,0.954220186164991,1.4964170222559,0.992585823330351,0.931658614275223,0.992801106113518,0.752446025406697,1.16524729414908,1.03826069670542,0.972360874072167,0.648247085383224,1.31901852531952,0.960548129784806,0.745604610157565
1.41386570216875,1.62788754467966,1.19205648155292,1.04086433795453,1.30951495832536,1.13872913079363,1.54624803274667,1.05364252983125,1.26851218148323,1.1636644477271,1.60788909897434,1.83580899501741,1.26755188039131,1.42523737687236,1.10059495163892,0.978828326567927,1.42147640345812,0.802337778474901,1.21571622134635,1.89892794563624,1.36926003527333,0.975964780159764,1.69752529595774,0.991954224010246,1.86611239564073,0.859241401350075,1.83041515013555,1.56859279815757,1.62362855585082,1.38078335099742,1.37418210564502,1.76826377292692,1.4078389291989,1.63687550772221,0.969377359915752,2.49112474403177,1.49447133476488,1.53066011702337,1.79978819108188,1.59319981825915,1.10186291890629,1.49671521485797,1.32536124832849,1.21827978897393,2.10892982089782,1.03090052586847,1.72935104663879,0.998280172247919,1.28859706111403,1.04946291070523,1.93927473837028,1.47317866784735,1.75949933605202,1.10141396149044,0.907584318055672,1.46420665231399,0.872157292353516,1.56982969746289,1.05503220405786,2.27049597310269,1.57620775876714,1.09510327885244,1.00424127422234,0.797038035393857,0.935625646357129,0.864165050963141,1.49545192224447,1.23893484798828,1.0309658393799,1.04142325142203,1.73788367940401,1.36747957143948,1.18699410932931,1.89412113634896,1.4159875263556,1.51659803279699,1.86663191239928,1.00568417698834,1.09244944853218,1.10455850996623,1.31699000920442,1.45625472900861,1.08362854169488,1.28143867921263,1.39512645092473,1.35590548494672,1.4887539725301,1.130507761336,1.58557122060063,1.24966065522794,1.20339194237431,1.65124794695196,1.96758470939594,1.28479546245571,1.20998229774122,0.891340415142911,1.31583966949945,1.21288109449398,1.02930980227761,1.2827582222151,1.14951151518875,1.07860953185146,1.22778094834282,1.02662345884265,2.15766023123161,1.53739269597181,2.22901616988067,1.82660694822901,1.10577056090264,1.4124859103769,0.876182075629837,1.13072443092477,0.843893545971413,1.14491224104227,0.894624043799491,0.958867397860873,1.23513231008581,0.915594591530553,1.0196854365217,1.51208434378945,1.10739256209581,1.27247400779019,1.58172041416515,1.63491611809241,1.78558509284129,1.60811412586109,1.01703997901909,1.35186227428049,1.29512834706611,0.879152811680295,1.50100355437216,0.933920761690252,1.32788045684073,1.23315884850742,2.02025908639916,1.27090613661,1.49197711147277,1.38675933313564,0.890375004502952,1.29443869848167,1.58484378199903,1.04897964975885,1.55060547619816,1.33189548372464,1.39906630762638,1.42426040364885,1.87105329505152,1.39808845600036,1.78682785219951,1.15278897050702,1.12380069012135,1.45090958894661,1.41414232818783,1.12882263417802,1.40227934546086,1.34251341196276,1.44323586933461,0,1.43073362950782,1.4437454002666,1.58399621493002,1.31609802576333,1.56882755401941,1.752806180498,1.493616505396,1.17715552303098,1.8809701766337,1.25501369703905,1.64283859526085,1.26118857366745,0.987087709892603,1.00821551856155,1.27453269783108,1.4942695589839,2.01341993335109,1.69443445817846,1.13532691087795,1.14290125325384,1.19080431287852,1.4803246936139,1.86515195792919,1.32006292731802,1.13038476162443,0.993478566894467,1.42232692475296,1.13502798567621,0.988852015302614,1.4677590866686
1.89779409050043,0.870448944438327,1.66563024699531,0.733742379639937,1.00225132503846,0.889426055161847,0.392799085965634,1.02892037388636,0.849359843575716,0.791531824829872,0.628839818130118,1.09721871578515,0.843545413350204,0.70083549730628,1.79645527320683,1.90401977489681,0.58487045297393,1.46896484438375,0.72351363332379,1.32311112966381,0.899852594424044,0.789383822337767,1.74660776830795,1.51062506678728,2.27700690827274,1.18375426241513,0.753896173907673,0.616722461465182,0.828493145658142,0.777543799411794,0.91909892584939,0.800320077848889,1.91863020517397,1.05956778825703,0.97332362238819,3.67420897073103,0.695549874140916,0.904230651202582,1.12307588549636,0.838100002554138,0.797156979481672,0.762710311398572,0.621688498822897,0.897124077443186,0.973455961934147,1.19017606162921,0.686988910623615,1.24536001410753,0.814378161726863,0.883664051045718,1.03627245963055,0.779168613753912,0.694500264514459,0.885861437146077,1.23369773732739,0.611893668982014,1.11833504797595,0.778322442363345,1.21560909007822,1.40647969198869,0.768222137495768,0.834209314515889,0.802461401091635,1.0406784711299,1.21357110283582,1.51015833497004,0.857172788027684,0.830700377251594,0.9829635956344,0.878392547571739,0.818934747362765,0.517140508251805,1.23901466986543,0.796103141289888,1.47030944807846,0.572009811939006,1.22683482069298,0.61914043561687,0.796794020650056,1.18623259869583,0.656403824562576,0.943876216643586,1.48749428635035,0.802407586964073,0.595503223603509,1.1324433885563,0.801876312463179,0.706463333841516,1.14815702004073,1.85890262284251,1.86223185077537,1.83407458872875,1.46445505045584,1.32348538683487,0.804522912941252,1.16556617033127,0.632373207850571,1.14944097783628,1.07123745739472,0.893463849983768,1.43581606258949,1.32822435269347,1.38586035900687,1.16677289579703,1.2598293884899,1.04904992574372,1.90337158314038,0.982786091545442,0.760200901795191,1.64418454570564,1.40240111354056,1.37235191593853,1.17783971258379,2.18209014291184,0.772975032189319,2.02277421103724,0.6601567562406,1.54447541086677,1.84988072377683,1.97886805025428,1.63303150342496,1.38436015012671,0.745814078447973,0.696098084135443,0.668069215100008,1.25200509682256,1.14894173818147,0.761881028027875,1.01361471840897,1.61910257837637,0.894678361831881,1.47280251170916,0.849979914698992,0.778235273913184,1.24414271601573,0.685171389748305,1.10383086203733,1.13289900635893,1.29306813804087,0.652091262856571,0.821179946257905,1.15286701210745,0.619695369882604,0.811244691031357,0.375054310774364,0.51969167531114,2.60868027410955,1.23163890264063,0.6771899304203,0.497357163079625,1.38587325530791,1.50793824864481,0.619228296006542,0.681460557050761,0.619208793533473,0.74441618542341,0.592336036358962,1.43073362950782,0,0.70579318309361,2.3426517523821,0.913085077865488,0.680661992804912,0.663113891705303,0.438601210695392,1.10717358180375,0.909761111254034,0.868431440152265,1.20775128496713,0.907463144748779,1.06919621325543,1.01659864241143,0.60060013859742,0.784996351186588,0.809776411001148,0.831847706363494,1.59051937375177,0.791506329893868,1.02306247988084,1.1803067257993,0.793353980286922,1.16530580655991,1.1274813638798,1.07060730701925,0.688252175527234,1.40795649267888,0.958495704559011,0.515521219223007
1.72546660941552,1.21800974563185,1.52689362359853,0.719726875573059,0.760157397006071,0.76904127809109,0.75227710362752,1.24319685861017,0.767571337931902,1.08840998086668,0.890813263659851,0.797421032893989,0.850614274100944,1.14555907139967,1.78073844148761,1.83700504087381,0.633906108528543,1.43305601328364,1.00745505533284,1.58678850546592,1.19522993971946,0.817962016278142,1.5619273457356,1.467236524476,2.1095510638073,1.0729337181677,0.834852048633556,0.711697399512149,1.16927613296368,0.879745236575922,1.10353222391964,0.90650103958988,1.74745654848516,0.793967022170617,1.05523985312998,3.55346079561462,0.987762435310348,1.30410345945815,1.11259024999152,0.654558296588885,0.832696937009357,0.987667726092275,0.810692455639866,0.901072107530467,1.18007839934675,1.42622701922342,0.699386434860219,1.38238405561752,1.10235955147095,0.958444129303773,0.755023168523086,0.909531628228784,0.542005958777752,0.85068044532117,1.29184182841977,0.63516500910344,1.06900746303199,0.819675033496585,1.14705700042842,1.28243771173536,0.72592308096508,1.00784134438199,0.81620925639872,1.1450603710501,1.32025347751145,1.52707033851457,1.1317392357009,1.09805260975851,0.907100343242642,1.21610839003262,0.94248158377508,0.657456776952659,1.25186591553938,0.72736194510806,1.26133891145751,0.635995243247803,1.31619911553913,0.779951722448885,0.950537442320566,1.2946353013018,0.8289337062318,0.613133443912887,1.55328545166156,1.01020426441419,0.761144454079224,1.25388049824204,0.773910493198546,0.822641127824076,0.942054461760864,1.68844678790083,1.77794486767338,1.77675725304524,1.16893753799671,1.30316556188734,1.01778888384409,1.21010788138253,0.804970258591521,1.05167284224032,1.17651510033339,1.12507153347195,1.5041962730731,1.28879404427322,1.58809580823513,1.34923376117254,1.09361513670377,1.37466587915392,1.67414357566012,1.29307852587043,0.903538064972038,1.6808717171912,1.54272645400271,1.4674217165385,1.36123062130205,2.24963915934833,0.749312147814388,2.0139756120339,1.01384110170023,1.40579503465485,2.00246068851638,2.04072896995893,1.65250073500582,1.25392584302289,0.739528457830063,0.810411183266722,1.00034375185447,1.00844446604652,1.40599238971388,0.808973258543902,1.34623603372353,1.76067379954573,0.636641137274739,1.52877145096907,1.06480770771382,0.832351794351552,1.28520707322495,0.879201592159123,0.891449203113535,1.38116383025657,1.40005133914887,0.855830824305248,1.22925729758542,1.11324622971739,0.855504448465253,0.716385794600822,0.619129780133859,0.75424687098164,2.69775181120357,1.67439376298663,0.863265109676174,0.580392408230065,1.27944271663824,1.5914424752749,0.978067615030581,0.922142662714016,0.737990203431286,0.694839683749984,0.900971746928138,1.4437454002666,0.70579318309361,0,2.4388879924351,1.26470092902923,0.572770272540247,0.978256451253892,0.689757296303296,1.30770107664097,1.04719503725562,0.771611910395091,0.987971201913996,1.19187176280317,1.37497400038093,1.32072891230129,0.65504452023505,0.666848420737884,1.05270521787408,0.857428869482812,1.69602517693615,0.861051208145885,1.18797386361771,1.42121914028808,0.937528319207554,1.50141675464391,1.32410368151642,1.114190410528,0.945814787731782,1.61609211423035,1.01109275815605,0.574784074790885
1.80197443526622,2.57656365129499,1.72701226468526,2.12630464687512,2.26751748978203,2.14172134749107,2.44718083548254,1.82014959297274,2.32123276265378,1.95060323042693,2.57772662197835,2.7514171538001,2.20902258249576,2.28548754322974,1.56376341186657,1.61741393680019,2.40832701941472,1.62603223300953,2.04050484568882,2.85388396302517,2.1478732947018,2.02150406983722,2.2609643295568,1.55332348338034,2.43605765000713,1.69559780686953,2.77367186376231,2.63551512959601,2.47823069660412,2.38803917431399,2.32258841505811,2.71747038076781,2.03191567182362,2.44881440718312,1.8862714365097,2.36814816442906,2.40087146803969,2.39975762703722,2.6937577708438,2.56735370023797,2.03016862196625,2.47119955290089,2.32788581511821,2.05105620503771,2.972314086039,1.75252759026818,2.71366571793867,1.52757737901319,2.22573274513381,1.99368336569815,2.73057907673566,2.47408373739389,2.72703759968203,1.93231275930745,1.61365768235385,2.37946655877291,2.04060812900706,2.52660585082949,1.63813348501461,3.13439598879297,2.44863741833817,1.98722449590803,2.01185068387702,1.63069814490408,1.60411707231536,1.46294419266986,2.37126081512676,2.00964553981355,1.88681342847793,1.93643272258048,2.66275026946486,2.39591881108808,1.9969169636033,2.7728589716014,2.31828164405283,2.41857975762889,2.70252017716339,2.12118245508571,2.07351829134973,1.81302456973279,2.35168314133894,2.38863172766219,1.72588614097966,2.25039279250012,2.31533869770054,2.11430676359493,2.29761736356759,2.15792755937325,2.38061422969508,1.46771465319132,1.16229247048218,2.08222746839944,2.84289803297187,1.81496694127374,2.30838248276275,1.68950198683339,2.32581385052028,1.84279752819559,1.97917691472172,2.1629656323299,1.66234962667949,1.80372513253242,1.62536478222736,1.83822198680321,3.07276792954836,2.46481890049985,2.91372596761585,2.74411820644656,2.17739234359923,1.69859577361439,1.45487504441147,1.92000620583028,1.80726718651418,1.29975877192831,1.97544305680278,1.29876004254599,2.176995913458,1.75691431313722,1.1951638346817,1.57899226101313,1.76990117773921,1.78240439083664,2.52912682071452,2.60733686067845,2.70894901757003,2.47683362281976,1.97146457567592,2.3804230962296,2.08907731765557,1.51984187202954,2.41478732504203,1.24366462848392,2.18162631473064,2.22080643040341,2.92562093431011,2.21729599793881,2.3781383756099,2.20680582632466,1.4246537352903,2.26654601358411,2.4991562045158,1.98510956264071,2.49346163669005,2.25581065725816,2.40764929143685,2.36776865126271,1.88714107661996,1.87780478303384,2.72722993389855,2.17372711205484,2.02709263834583,2.06040222252993,2.35735082196509,2.01065119545854,2.37554817074693,2.32784369762309,2.38834566502785,1.58399621493002,2.3426517523821,2.4388879924351,0,2.21901533862832,2.60954288567049,2.70287694478544,2.44692525477657,1.77168470403538,2.78515286591528,2.28634415087419,2.54349011972645,2.07308630382239,1.77010936386366,1.70438468068159,2.26535200046572,2.45812222117814,2.91571285589568,2.64805045333231,2.00428148675364,2.04912107771191,2.01749267680816,2.44138179955502,2.79287006635388,1.83172138909252,1.87512029568226,1.86943629803945,2.39823611590676,1.83155440749416,1.71963458872857,2.43797278597527
2.14181478831401,0.812811933778955,1.71000036263306,0.853723131665051,1.14293640086916,1.10825911554663,1.03548588034282,1.02235768279377,1.29260875083351,0.794788314913093,0.964215961749811,1.78916419445954,1.17507370352369,0.603369759386103,1.74847449392651,1.76776476967964,1.20045705655846,1.35409467953111,1.02637137230421,1.36403156526775,0.589566230688561,1.04360597455941,2.08652336262281,1.34799075384011,2.02800674149892,1.35524539728941,1.35777924248063,1.18219328918836,0.682314860440702,1.00123369202162,1.1369573313263,1.37999033357828,2.19474284950163,1.5061792280284,1.14330293572336,3.44533650978904,0.947393742556647,0.54974946322042,1.68109916668273,1.36720690786037,1.09899412622876,0.920733193383458,0.801778741462016,1.24275870951688,1.33712273793256,0.804634400457889,1.38591099360216,1.0719376819096,0.995349093394445,0.77296567398423,1.77048036008834,1.22493531530486,1.40176320021816,1.26608396702035,1.11257871219328,1.2213085388559,1.04023880558132,1.28364960539275,1.37333742397346,1.67569805521066,1.32903964003844,0.770391522082467,1.15494892736998,1.03961473564356,1.14473069742754,1.34270109649143,0.924386398243491,0.92988127192206,1.04942839616783,0.637902921231671,1.1795865326899,0.852532432639159,1.42749205813852,1.43015565446012,1.76517633690452,0.943693770286507,1.56882557166581,0.874361562293702,1.14745959037945,0.981171181106807,0.992134128785886,1.55747234475146,1.19915067655396,0.920126452553154,0.82809672512571,1.34683746276502,1.3583426577837,0.801870146151834,1.77893680791837,1.99536302160449,1.99572279451723,1.95069288854936,2.10170962838662,1.31619099634759,0.844711319342666,1.20050274080062,0.911230980314298,1.49896413729903,0.942651440037943,0.963964128722051,1.35590798680512,1.24033694952003,1.0807385618666,0.829847923754871,1.93792337218661,0.730290382322637,2.02899995093136,0.910406691758633,0.914275909354754,1.62634006525263,1.22384587102186,1.41926709999307,0.927029191962737,1.84177334687159,0.893992103201913,1.89007350758516,0.614525169760804,1.54931821186046,1.69364823720424,1.70845818313738,1.61919118589354,1.42138358774397,1.41844683641208,0.897231154920133,1.04129257636213,1.34091607233904,1.00532555128334,1.1267623548253,1.0646704672713,1.36136999157531,1.52488779476189,1.58309580201814,0.706086283757675,0.884181614109095,1.72283370230228,0.862733161556568,1.65155912948901,1.08000615960964,1.36096560169015,0.778383020430308,0.64364798786326,1.30283863451213,1.1633814599223,1.0359232283443,0.884541566413443,0.860164756029389,2.30539733800518,1.16528832535148,1.11966024291912,0.903389079695897,1.27838221191885,1.86700719808924,0.609095256250644,0.545912895582128,0.958439166270857,1.17827496810282,0.873639252806767,1.31609802576333,0.913085077865488,1.26470092902923,2.21901533862832,0,1.24501220581167,0.98468187813877,0.897128832292825,0.950579613626263,1.43130541013858,1.30099942587775,1.81090468115883,0.700856747599707,0.886029535460041,0.721253862739521,0.949711107575595,1.40306898280092,1.26422360134039,1.37365578788785,1.56724697285545,1.07232345710489,0.841062174929137,1.18430624482607,1.38681805862622,1.03872562867127,1.0937777966564,0.836299764954444,1.1231770230611,1.03852513827084,1.14181172673275,0.945342603367911
1.92849653173638,1.14255000682418,1.53403120513058,0.8477605829912,0.938258046977078,0.722409146362049,0.751976944785852,1.18220353757058,0.743978230445216,1.14677128173347,0.819853653962787,1.01614087820602,0.811079000275656,1.05124220182056,1.80536389213254,1.96830976452339,0.600236093208711,1.55574324049915,0.971623310204403,1.40413531651241,1.21114757174132,0.967223014590799,1.8418951372713,1.59212057963469,2.23308756549911,1.28662550364883,0.779090422750688,0.53846000509355,1.11068200308937,0.814401184265517,0.94505583283406,0.76255790333624,1.91470680036079,1.1591903784744,1.00380048117694,3.72224571910257,0.803455312941754,1.19606128420528,0.850392352425721,0.736561326070082,0.87478277314732,1.07105399690586,0.815665865074417,0.807222066334233,1.25559001992361,1.39301335870644,0.591190793381582,1.40339560364768,0.975719560291122,1.11644562740524,1.01176475041454,0.859199589754673,0.675385498568686,0.879152836115617,1.43925647206023,0.6059389083847,1.16331689010072,0.586821931947332,1.26118387005317,1.34754771850519,0.924718400505091,0.906211225366319,0.796718253572233,1.28761035203642,1.28936816845659,1.67597825062991,0.825782823585738,0.921807366726369,0.999004950905787,1.12424386778925,1.00078113413795,0.684695204637845,1.10272162329459,0.775975090979373,1.14662309578011,0.612639427649595,1.19419031257228,0.883681284855372,1.06715736227011,1.39543614747867,0.563987202126158,0.604061146911544,1.68842803682167,0.909561206349888,0.897837561545375,0.974682922270182,0.749209214684725,0.963964797095108,1.00351263814136,1.92956255878702,1.95577116704072,1.60525974583341,1.11045275091829,1.33969879958848,0.879809131528705,1.18551675475381,0.795750548282332,1.32034128836664,1.28205516155629,0.902717430765138,1.46148977632777,1.38212256104796,1.57107341220436,1.38435108270865,0.919992405062752,1.28959039867875,1.76589135132042,1.27653310434317,0.86141439595102,1.57941312315911,1.53977320654526,1.40146171261024,1.45053076336229,2.35508152413093,0.975495736824823,2.16496048119575,0.940686130035153,1.55464650004296,2.1380277398408,2.29105420189231,1.82089631300994,1.59946020239892,0.779338065194263,0.922922419316085,0.842797584195791,1.25140262165963,1.3166801231519,0.452510978972459,1.14408121843516,1.79275195819793,0.801034243184527,1.64397133886971,1.00187738325124,0.871911482326793,0.955139949929865,0.87037259735255,0.737652586417233,1.18483231693045,1.39865185635209,0.836914352724622,1.0984378164625,1.06679747586225,0.878564473934892,0.721390131250623,0.665326439323928,0.670668209416783,2.79333190107032,1.65384678059445,0.851945448686178,0.640661388701835,1.45814168781255,1.6786790075431,0.93431486352561,1.03688430528248,0.842522764842044,0.633628806351112,0.775120156019496,1.56882755401941,0.680661992804912,0.572770272540247,2.60954288567049,1.24501220581167,0,0.984406850486539,0.672741740235669,1.35110240389265,0.93013024440638,0.88265056563738,0.922998102329601,1.15657296201621,1.37718784084374,1.35055246458718,0.683834909848839,0.638307441683889,1.04737026205858,0.603848560669417,1.61501289316003,0.991576825593267,1.11884835148746,1.43383161414315,0.790426238128046,1.38480987038662,1.34443719854697,1.28332925675672,0.72237804357715,1.56119623936394,1.04064696800834,0.669940393464198
2.28908359527872,0.607510629835671,2.02948488056715,1.03433679324527,1.17025339551087,1.25883607417094,0.603906830916733,1.38723049009394,1.13713664142459,0.946879375294834,0.570125867919684,1.23418766103867,1.12618902908866,0.873478811110961,2.10946270233645,2.22651940772054,0.941639792660249,1.75383718217271,1.13822043364248,1.25720922852342,0.851104820520062,1.10323251886356,2.02094793040522,1.77983242868012,2.4306914780139,1.51776672711705,0.714646021150593,0.815216647698797,0.608703916320938,0.881965315133443,1.30319941415003,1.00811176713862,2.27610633030726,1.16451052347801,1.37934879577088,4.00558194391636,0.812687030447442,0.861497075407915,1.41457798591098,1.04199653844267,1.14592492035056,0.543629923694083,0.608367697944341,1.33978123358806,0.546912414183476,1.4010093487539,0.849531205306147,1.49792263507795,1.20798893581534,1.02288188293762,1.30186772731692,0.990902830714041,0.800680886091197,1.30696877763963,1.52467596281597,0.845751201048184,1.33901907634081,0.981866069019762,1.51830940132636,1.28522155203733,0.881347000113606,1.17504819250146,1.19870670715511,1.34853674141916,1.58447430001961,1.74675756704879,1.0377118109161,1.13188560567988,1.20502205752463,1.10667789922785,0.537745190880416,0.64839001961286,1.62287248916809,0.824417720580114,1.9142788511599,0.728704065082221,1.40462350513579,0.862988572027201,1.1574641596736,1.33987089396936,0.911216498697563,1.36756325667719,1.7847728866888,1.02774046740467,0.585594778846956,1.50744826320244,1.21886218897422,0.891737768458763,1.51034555443194,2.19932268705876,2.2464158744837,2.20558776397316,1.82462093611873,1.61951670178949,1.03466132913829,1.53133219484005,0.826232399295919,1.58274259575722,1.16253001799112,1.18711455846121,1.75004533717134,1.63856695763212,1.57848348919225,1.26195674481994,1.47488103110777,0.893120733627398,2.02418720816339,0.562169494944672,1.06453838469189,1.98000538713265,1.74409730202157,1.7553126504966,1.38194651163061,2.42340569535123,1.01354767825402,2.3368344938457,0.893501532539973,1.93031612786476,2.14422270560662,2.26568812315121,2.05379574848954,1.54143374042423,1.0504169968319,0.443445301886251,0.43209970388798,1.34294455087663,1.45701244813143,1.12437029889339,1.3294842363775,1.92749502964029,1.24718306734985,1.93119616259873,0.946773285303854,0.843125122214195,1.41053165906476,0.84161053147559,1.53049215930065,1.43054504016605,1.7227614452765,0.956169321363368,0.709482570572328,1.58238928495816,0.742926784560929,1.08664861437535,0.639993032834099,0.648204806307909,2.90191278284288,1.53483359648933,0.501183437862229,0.872173315950039,1.70194889605088,2.01609439138316,0.617721001881773,0.874568254551183,0.722105321487557,1.10378788898207,0.679175700729998,1.752806180498,0.663113891705303,0.978256451253892,2.70287694478544,0.98468187813877,0.984406850486539,0,0.782313582691536,1.24258910834926,0.97185406801028,1.18710047547972,1.56378302290686,1.00662047770422,1.41616207550789,1.24247114374104,0.760264195065156,1.10307662487846,0.415108962596638,1.00901414551296,1.95250723839575,1.07837235652939,1.1983241882764,1.17243172017232,0.890185191142019,1.41379132953554,1.43014358419732,1.16343874951111,1.03737547568722,1.57927990244072,1.36049999095592,0.678096256228085
1.94219398331408,0.971371165279441,1.66623323800037,0.655435822258481,1.10780540751571,0.908721491047475,0.460207396529088,1.10838390832746,0.928500212969229,0.959546716954642,0.735094292233157,1.19793185541857,0.931712205433826,0.659145748470561,1.90571513383615,1.93841233087581,0.755759098635226,1.52472109430207,0.875162668627181,1.38662083366834,1.0131125378405,0.840923118858736,1.75453470305368,1.5559761559446,2.22404770821684,1.26487316310219,0.901706355473915,0.695208208600097,0.884003282286837,0.898603008093582,0.912166180247049,0.752272347367085,1.9931563694706,1.1626047229071,1.03905039173683,3.72087302327516,0.929010738749606,0.865363218548977,1.21865128311118,0.904242890218438,0.89899397035986,0.895260403217122,0.793805759644688,0.94599150080387,1.03316513216643,1.22802134113148,0.792888446524254,1.2756864483256,0.919788478373353,0.987509443566801,1.04907328211975,0.763639980663805,0.686918803913476,0.868639819790922,1.24162372307563,0.768193862311447,1.20494760475291,0.901594931996399,1.37256933449665,1.36158805749371,0.928942811436706,0.847275911152624,0.864851681101734,1.13363711968799,1.22525258244424,1.54115946013781,0.872621996981211,0.919252946644858,1.06886393153149,0.966208536923146,1.04263879194243,0.638289762805267,1.27322122244808,0.833800672699155,1.43828666203245,0.516490973068675,1.24942721942956,0.756722693222145,1.07110624465723,1.36382667300572,0.80233821508707,0.961941596122115,1.53341035374408,0.949740789944702,0.746979931226786,1.12996432784747,0.842639869998187,0.765662354695153,1.22590297651039,1.97150864607308,1.98681447016821,1.86346870051254,1.47520043583353,1.20328906960508,0.879093126618939,1.2082713693214,0.798407890853942,1.13955109229363,1.25823819867988,0.910373565726947,1.42674312008792,1.33105691242778,1.40303332653258,1.26320135436014,1.27065560217824,1.15196701920523,1.81991150357182,1.13057518574378,0.839413901238549,1.65102327124858,1.49964551666991,1.41943624071737,1.24690998357896,2.25795587168164,0.840745588500876,2.06981572848951,0.786563109043477,1.59165781188161,2.02522844852077,2.0274320889992,1.73894662756092,1.48466604567696,0.71796094624938,0.757614390708434,0.817120077580007,1.19686972716101,1.33179967368499,0.794676197067668,1.20504887820771,1.66221643849709,0.965784028287572,1.5947962723523,0.897341700560562,0.965137775426329,1.3883148608484,0.75950214626691,1.16453891328676,1.07959609538936,1.38473762816311,0.687286068295302,0.849173828502826,1.15020296286103,0.914317588797021,0.852837681466497,0.313080917961104,0.631789834609067,2.63761012899542,1.44828988375227,0.848847555378263,0.617245489975531,1.40977256668641,1.56500373996359,0.637378933287325,0.720454320675762,0.748286696373934,0.754133703516563,0.73648744738703,1.493616505396,0.438601210695392,0.689757296303296,2.44692525477657,0.897128832292825,0.672741740235669,0.782313582691536,0,1.2097112960335,0.992619446809543,0.872387215980229,1.25273462778827,0.931528894673824,1.13565554955507,1.07940958321185,0.759133062984998,0.894310227640731,0.899459057289477,0.944836516326148,1.61613695729387,0.829384873721601,1.07462182331606,1.24292699487601,0.863799771422813,1.28023350798708,1.35177650688131,1.12607128839767,0.759809037720864,1.42846321164663,0.971142913675036,0.349951256569807
1.81498070590769,1.05612465375619,1.46463487700659,1.01097608930007,1.1721554252659,1.10313058808953,1.1291741323825,0.911332183418848,1.16158599833811,0.672467965853554,1.04918906788144,1.66032678465773,0.986902073625477,0.997285740187207,1.35639287423242,1.67395262770061,1.18656087850095,1.18736532215525,0.930338903744501,1.49697426105095,0.792417146989851,0.955354928131936,1.78431411874157,1.01605429809008,2.09472045900441,1.01562185301411,1.36670380503895,1.25434462223824,1.03488763118103,0.995318147067736,1.33087380481627,1.39711204109978,1.95111041900692,1.37858063791381,0.919882413386814,3.24785383391096,1.03298248414416,0.987805806205708,1.57114565688175,1.33235680172594,0.924956449605331,1.00066139886747,0.916326398938935,1.07631763384323,1.60073713132787,0.757991234259224,1.39822859883927,0.632902608828848,1.13473446273872,0.733886255610762,1.77897959309088,1.14401063027505,1.50637321414851,1.01373621472853,0.804144890468301,1.13851772923063,1.02666475842413,1.24207757171326,0.899738564525399,1.94175709669114,1.16690883485119,0.754309710594735,1.01387635035674,0.935559451107619,0.86151059802713,1.13342005687056,0.949069868130502,0.737063622512343,0.777177433014196,0.70016763097234,1.20312294484744,0.97176995486282,1.22880809701991,1.50881461714659,1.72687918283925,1.07356640231379,1.43801903835943,0.891817729175056,1.08599647851581,0.770611619578127,1.02124668108903,1.44318294412239,1.16154907981064,0.856051190833373,0.955028301829762,1.08277213828536,1.36258141766989,0.906908816043406,1.55762675963041,1.54091879542453,1.50373138879069,1.54992799646771,2.0065455163205,1.13241915607107,1.01840827817382,0.838579655512432,0.951327206596058,1.39194512155178,0.771294957756259,0.889106784169937,1.01324526772312,1.0912762563839,0.72091543842025,0.707778501016035,1.95897915928812,0.99467854992976,2.10091870700177,1.21058167786606,1.07942562703526,1.18658779256092,0.917547389431068,1.17044703194238,1.00548102945484,1.59663199326622,0.872248369882446,1.62166147392889,0.837190976712092,1.46544861476654,1.39093840252359,1.68447629927999,1.58475610482675,1.20958985659053,1.39206362565653,1.23344379628716,1.25291223330027,1.60029812852992,0.96264312756604,1.1616430051839,1.00334246101468,1.33502292969869,1.42559032254192,1.18641394018691,0.772403855581778,0.880922230573373,1.73007477321234,0.895252934619909,1.48393205552807,1.03608124343698,1.02207887056017,1.10740486648187,0.963396751102322,1.28260988779941,1.19728474145741,1.07650479444247,1.1037728507406,0.981420033124949,2.1860906112689,1.18743844391376,1.30612669429666,0.921031088151672,1.39165947019302,1.85766476516972,0.91037967352772,0.737646148317951,1.04173154754765,1.19351012742333,0.958378812606741,1.17715552303098,1.10717358180375,1.30770107664097,1.77168470403538,0.950579613626263,1.35110240389265,1.24258910834926,1.2097112960335,0,1.53759390672109,1.24860937416797,1.67254274168249,0.754718475381153,1.02288896694275,0.637864874825416,0.98602926625605,1.31204307488039,1.49849442709636,1.33829630154002,1.52135935539842,1.01799255878588,0.593218772243814,1.2393273699468,1.42919546770244,0.732233027269042,0.884639688203818,0.655435477281407,1.13810381466973,0.813750331545633,0.847569812476857,1.16038637841101
2.36547971908234,1.29022111922831,1.82105181505899,1.30917634738374,1.21042111264409,1.33012432166896,1.03314416649793,1.3882094146785,1.28781389860347,1.28781897816612,1.03071233147958,1.24846786583653,1.42898202905409,1.09996625369228,2.03408062252605,2.31727629351712,1.16043825257428,1.95375236187447,1.02706401923607,0.973037024655903,1.38680952596673,1.42443446025599,1.84647024926598,1.76000750532213,2.41286192894865,1.67724586571476,0.758744118424458,1.08393671165975,1.14553374437854,1.30163754353086,0.945685419478511,0.905428976454866,1.94603154798925,1.32454584515845,1.42066808640058,3.9615431798148,0.958201260475474,1.41064444691964,0.920969386918297,0.839168428606321,1.30016350062601,1.0728088320905,1.15168628017419,1.24182199572676,0.934643185871652,1.65880449447534,0.994902704182651,1.61749176566824,1.15046211726739,1.38680646001344,1.11820654127865,0.978558656700325,0.821944748542404,1.31024304041677,1.5685772422489,1.07955347603156,1.42807235326159,0.68748436525428,1.58172795290118,1.09069994703809,1.05332177220124,1.29721794152597,1.21426889022603,1.48559582619283,1.60324267801489,1.82142460413528,1.19820985713563,1.36198677130415,1.35611536000152,1.44868539556178,1.04462370579072,1.11856198948759,1.3647032501983,0.67876740486024,1.63486108267632,0.865622007822293,1.13523342958685,1.22400045285597,1.22960798190389,1.62077863046945,1.08784090583838,1.17635714860328,1.91210890824139,1.09707915282707,1.16227906321056,1.39156130126472,0.859197155312698,1.33375829523236,1.51953993836175,2.31357213610109,2.2899076066874,1.89597104856672,1.34023994696008,1.61209017153167,1.35617735988821,1.42508188306993,1.27166070009961,1.45895924138122,1.46532531571614,1.39656908462382,1.91673294071429,1.67329622126946,1.8782866316516,1.71526615746865,0.860524677947777,1.58132163984534,1.76084005447235,1.32474259763053,1.15615895993728,1.95051593898848,1.75781532546849,1.62282643151582,1.61204850144546,2.49442242945582,1.27537962942099,2.43026782598292,1.24577596778021,1.96269342852428,2.29484608792162,2.42502978991923,2.22170577446611,1.61152216152528,1.18098003520916,1.04482780613641,0.700025243349608,1.36007707933349,1.58147470330446,1.01110561674936,1.49985405520094,2.02620956590458,1.37179567995564,1.93608445701848,1.38135212580068,1.20639819978016,0.883068025441044,1.36632300563373,1.28904135888262,1.42397276529476,1.70631316255397,0.906951863464925,1.31688933790647,1.55791850068549,1.24494916464802,1.05509471626147,1.00906638990673,0.861160029758913,2.74846229771904,1.79933608879072,0.914884281291944,0.994074241069704,1.75407552104368,1.66955340975543,1.21888882804538,1.29136034051301,1.2860472463172,0.911727246024353,0.738907548726934,1.8809701766337,0.909761111254034,1.04719503725562,2.78515286591528,1.43130541013858,0.93013024440638,0.97185406801028,0.992619446809543,1.53759390672109,0,1.46800793491698,1.09141318983152,1.53764126414772,1.60869293692962,1.61507557967716,1.08678236920789,1.18928317311881,0.802256818519991,1.2117443397297,1.74136643565482,1.45022425338962,1.47793103371849,1.16715674620544,0.648775400416499,1.71405604855051,1.57382622684806,1.4939517624374,0.864812312073025,1.79252220675877,1.41125919504895,0.996838197587223
1.48895429091072,1.23145115426079,1.63436547304838,0.740478079101578,1.22821295455624,0.839003290107558,0.762829826300091,1.19843131939547,0.459725120325288,1.06987113387996,0.986655214575766,0.946862462746164,0.544138666182661,1.22948373709137,1.83336306184264,1.71635639401565,0.540484005195197,1.35979174944186,1.15983841272165,1.83999487021958,1.25757470163308,0.61114068182027,1.58898408212729,1.61590646194584,2.43593458484473,0.864647506425998,1.11861616071201,0.715886459379847,1.38434677640951,0.791995319253606,1.37409605553638,1.05266281349437,1.84940310935575,1.0481974439384,0.923251227096104,3.4581159811506,1.11714864302857,1.25282660372478,1.30391748838954,1.12109280535984,0.624102619244551,1.10415482213121,0.906736043053026,0.839959897455874,1.56791978838184,1.37154397603799,0.799734385706305,1.33752732065916,1.13893416788982,1.05323145521099,1.24288706982518,0.965402983164265,0.95045803181331,0.658047050591732,1.32797465054213,0.624620105833308,1.17693457425293,1.12514010486986,1.20397325985866,1.95184877281516,0.895776050673033,1.02223779682375,0.742080427085998,1.13350168511371,1.24358231405333,1.57136940363215,1.11760415147649,0.936417801564854,1.05826525887856,1.1189355221137,1.19704163025494,0.729741236067276,1.34051754673454,1.26645117535093,1.34818270956993,1.04234911498625,1.5275321956852,0.641422321539006,1.0113519132027,1.29414350240221,0.817620394778856,0.785566187056115,1.52372969535077,1.05862009958175,0.851084270143606,1.12189051064381,1.20007084006179,0.884636435594514,0.692551041830727,1.46346853312055,1.57644293732366,1.83335765053801,1.39787337935507,1.41414096712709,0.82053602355916,1.2388969068661,0.679229681805146,1.24137688999429,1.19953007036407,0.912513020842455,1.22140785181429,1.46478100783202,1.44883540039301,1.2444593814436,1.49538012314988,1.28809934650926,2.27389422390926,1.43441228209035,0.911695403664242,1.59610017554231,1.50375772845042,1.39626274524743,1.4020054780046,2.17393638881294,0.84294533400837,1.86600508866669,1.09591766014856,1.25322781733516,1.83704463371479,1.97782880160468,1.48992109091621,1.52788812355287,0.656531270054754,1.18066390695597,1.27998563973089,1.59036229397914,1.33786130338482,0.951280508045825,1.20189852224326,1.63467194840315,0.554926329474126,1.37729396401778,1.11564190166056,0.978774884797802,1.59892017581219,0.684642704511715,0.948376337100985,1.36587410243373,1.33782496375968,1.17424243198362,1.21085127664027,1.06681072184249,0.818171566517696,1.1164945680225,0.771766049721726,1.02134955547934,2.8058717997447,1.60542508082129,1.1210119637336,0.733459690668392,1.40489795136854,1.7193907607591,0.988233542679309,0.964967720018782,0.660891310507262,1.02988701356404,1.12723450602106,1.25501369703905,0.868431440152265,0.771611910395091,2.28634415087419,1.30099942587775,0.88265056563738,1.18710047547972,0.872387215980229,1.24860937416797,1.46800793491698,0,1.19516244859389,1.03222594298218,1.29388663110487,1.17224744934443,0.741677162481331,0.56622255964531,1.40452692983128,0.768347782295888,1.67740694991045,0.717253845568635,1.15894186567951,1.54392431284415,1.27076078703223,1.32752146931874,1.32361518278238,1.1671774203882,1.0498069590194,1.51341843037154,0.895340527952237,0.867392906047816
1.76590032616614,1.77063270785953,1.43280562970602,1.30688279851123,1.30771635083932,1.14554031406777,1.29627578875705,1.28519107164618,1.01266116151093,1.48402273176,1.3473163079396,1.03822751695564,1.25409041775483,1.52379800667193,1.73404987415561,1.92903472706982,1.09430647734696,1.68115295597978,1.14051246429689,1.58431657272333,1.72473124225841,1.28359825106381,1.50040598478891,1.64614311027177,2.40801625854947,1.31300602770901,1.08278711367342,1.13477765698422,1.71994863380542,1.39426547303971,1.12413745934217,1.01396042800724,1.45123525976809,1.28661969287359,1.17215016957339,3.50276991482232,1.26381244715143,1.83779857119828,0.580356936257136,0.842313641062447,1.09088177833116,1.54834111862697,1.40024446269843,0.903512818144252,1.71394705693677,1.77918872893618,1.02272140322763,1.63151068755621,1.15836676724563,1.47429888429594,1.04995914254669,1.06642514785142,1.03130346440347,0.975751403852423,1.55603202732727,1.01764984652864,1.43232488885246,0.849110709929468,1.30023059379635,1.73135923430467,1.13427690375751,1.33306377838936,0.925188800713275,1.44456390620616,1.47192961872815,1.69636267165805,1.408974615215,1.38993360835943,1.28531447292556,1.62050215993345,1.44746682077656,1.28772390484221,1.01504897050374,1.08381440411592,1.01984140026056,1.19153897670472,1.1769076020633,1.30152206356337,1.28573243350593,1.68287350327059,1.14746757646701,0.604266790083873,1.78501587315032,1.19770950494766,1.40581838245285,1.17509239098757,0.836265058061384,1.43179513173984,0.923492095077434,1.80334970309894,1.79323954357869,1.45868757421801,0.635533604617873,1.56068303639763,1.41447631769211,1.26426995349173,1.34058352819914,1.20940758244884,1.57716621140358,1.39308118847717,1.72079174224851,1.54071570040359,1.94153914658054,1.84016575159438,0.786295515386695,1.94745443697827,1.84950598519813,1.87720215889077,1.14509859541687,1.71475955267396,1.63829540800742,1.31362796172225,1.69326120539978,2.37725054619517,1.29229687837636,2.09510105943982,1.52680654112994,1.48027339200836,2.21020564357254,2.32417684551253,1.96308002304085,1.64865226986752,1.03403822041678,1.54434890982353,1.37410316597658,1.55141124152789,1.56132309388191,0.984436914263098,1.57932620158619,1.88314560104134,1.04407678843366,1.62885929361142,1.60846563145519,1.36690549179699,1.0157790911291,1.43232560558291,0.60124837975571,1.4606898752208,1.43626166245005,1.24169703888157,1.77041266647345,1.19447167403027,1.40692601809755,1.22104510522146,1.25931232614411,1.19506250743142,2.72041901775681,2.04921910070363,1.37456432298447,1.09411856686948,1.53713944892188,1.51204445148596,1.58099591220249,1.50909076308014,1.39081431712496,0.816580134256183,1.20268706188533,1.64283859526085,1.20775128496713,0.987971201913996,2.54349011972645,1.81090468115883,0.922998102329601,1.56378302290686,1.25273462778827,1.67254274168249,1.09141318983152,1.19516244859389,0,1.72672384099871,1.66904475884924,1.76613659871642,1.15769576315516,0.912514148694255,1.54553351337762,1.1499144992493,1.57734981227004,1.34699638333217,1.57620379291313,1.65879915053162,1.04026072559149,1.82819550581182,1.56621471922906,1.65357080510292,0.960833267826895,1.91162643119722,1.1860954184339,1.27154442882721
1.90502221001798,0.687501214720581,1.62169578760719,0.723128164882083,1.22295259780029,0.917500428181745,0.854407607742272,1.07541762753581,1.01472895724312,0.78768955817879,0.89011776846257,1.65326279658477,0.84512251263214,0.867212830349988,1.63335969797234,1.68386788395934,1.03423412592272,1.18144816500016,1.10273675817351,1.5706394502635,0.60104947065171,0.831213287737668,2.10172358449507,1.33123693236108,2.10082165615794,1.16984321786141,1.34197263533058,1.02498374896227,0.774897244286646,0.723315870345974,1.28259312631595,1.32227958191625,2.15973867975937,1.51506858133625,1.03252942292313,3.50599548589033,0.949302154814592,0.497146095926076,1.65241767024338,1.42093876194702,0.917109641559323,0.898163972133846,0.723161558554153,1.15622205909279,1.46004563969271,0.709163521369867,1.25617094791082,0.839221581858183,1.2012664142962,0.797854261787675,1.73918858941437,1.13993346600911,1.34184142536084,1.01493360866328,1.17034496512926,1.00175229604849,1.07731480431934,1.23406591164307,1.21021592054811,1.85408264141964,1.29076923208286,0.758636314290293,1.00696066749485,0.942848644854375,0.970880200929573,1.31692161457731,0.702076798459517,0.566561997913768,0.833556871540509,0.489970334571048,1.16614092678734,0.782000061363831,1.35008326021318,1.45917294132351,1.67664705856474,0.91171461961752,1.61176736900801,0.715508077757869,1.17203647006807,1.04642906417926,0.821250401523458,1.40903269179715,1.4295270738059,1.02487977046307,0.79681830193065,1.09140416007185,1.35349156075868,0.730914005142924,1.51506413572406,1.76691104631985,1.76385212557556,1.78330250953353,2.07103991399708,1.11383588799734,0.717683047731072,1.07670421897946,0.806339490003253,1.51286448445287,0.993895351323189,0.636393883899206,0.98181766420682,1.21019283664952,0.770044867567978,0.649907096871632,1.94566938574174,0.61072665495827,2.15772265577785,1.02629025140547,0.954907445562761,1.33717035421917,1.20887974350854,1.44005645877129,1.03376959223388,1.88482475596214,0.81956287862825,1.7542444778236,0.603660125010383,1.53485856461687,1.5653778677004,1.95628886766265,1.58865549319733,1.46369692455363,1.25681380114054,0.994650800003246,1.10082269229013,1.48822205274062,1.09989808357264,1.0203851389636,0.840911462713157,1.32067301765243,1.28772986592201,1.43590113966194,0.416867587342788,0.803957379050136,1.77047218625609,0.469951521650387,1.50759469417207,1.07025775365661,1.17559719274118,1.02337102351175,0.549783258330948,1.18267232231815,1.0104220857527,0.999169486036853,0.834147258910403,0.886533100093058,2.45073221490354,1.08715127213149,1.17868163959371,0.831372012157709,1.5026405940505,1.90295804604197,0.471337699871169,0.629257662847073,0.819034051961978,1.196530087928,0.948892416388338,1.26118857366745,0.907463144748779,1.19187176280317,2.07308630382239,0.700856747599707,1.15657296201621,1.00662047770422,0.931528894673824,0.754718475381153,1.53764126414772,1.03222594298218,1.72672384099871,0,0.937346915119274,0.482121141269852,0.802299371810412,1.24130169462805,1.33971627170785,1.12400489842334,1.53989090259673,0.781577722800262,0.58915666774843,1.26767804103458,1.43494949338557,0.658666379109319,1.09766030149334,0.755450751664233,1.13807723111975,0.853171939205751,0.93386317290844,0.863783239823297
1.70782864517519,1.31251363362833,1.47688138104998,0.853224546214862,1.31509720821324,1.12698716168427,1.23262103999902,0.768567917875286,1.33509501909215,0.85211380443599,1.30224251761513,1.85907412220702,1.18416689250486,0.894568812419838,1.36635982624652,1.23220607315248,1.29416941792249,0.937774876814852,0.945599495455942,1.65262205206313,1.06413942510651,0.871629657739121,1.95171722829618,1.14672887434512,2.06637880022342,1.10325936183808,1.58473152787327,1.35636563166216,1.20065905362871,1.28489065179723,1.09880700415966,1.50748821851109,1.92932721591469,1.63179551129438,0.834110591011608,2.92651195083198,1.21335872085654,1.09105765974092,1.6367480598536,1.46944289951966,1.03824827273517,1.30391006595081,1.14183104994786,1.1093057456395,1.72297529700688,0.680141530931189,1.50895314001701,0.917179446294196,1.06463622848409,0.921815069284249,1.79675722345455,1.31876958089027,1.57654421261492,1.10445753237716,0.953784642664121,1.31713858320724,1.02933343474007,1.37464074661742,1.17598588337451,2.01063183306221,1.46089799055758,0.822919553388652,0.96125109777643,0.859883529894768,0.79200142606526,1.0694431923148,1.14169932430412,0.961240813327731,1.08709728249434,0.691532955000226,1.5303089503834,1.16149228926899,1.09983971783862,1.62845651742467,1.43790383654038,1.2232093832074,1.62893005750214,0.97112006637143,1.16643692189593,1.09571341109579,1.11931154740356,1.46674529395789,1.0204167259561,1.07041470968648,1.18652319451275,1.21415248888286,1.30430513422922,0.796893889513706,1.64663277168574,1.64591505713897,1.65595519684963,1.70785546837676,1.98179131687311,1.21699819257267,0.895873159494958,0.94663861236072,1.17500622681182,1.27904252874227,1.07567255184254,0.981055283413767,1.18771416327421,1.0759968637596,1.02708453135925,1.00212181133529,1.97217251063148,1.26093217491849,2.15118998791408,1.49425490232518,0.831923870862485,1.37513016234283,0.923559404089851,1.08320691699522,0.717130784852926,1.47021931085772,0.942474765375037,1.36183065080022,0.86261280030129,1.25283843301072,1.38514197219726,1.57929614879656,1.15185544557633,1.38961387114,1.39278709184442,1.37492349844323,1.39891799673579,1.52970112933744,0.922523637706708,1.18832997891359,1.04990601135288,0.818423923141414,1.5446066319452,1.254779961419,1.03629408576923,1.13601973585314,1.78344105900908,1.05260289008789,1.48251960855581,1.04626074115107,0.891255644400443,0.926595010512646,1.16295357591869,0.877515225610939,1.3757154296721,1.20701832754156,1.07542546303877,1.102556023095,1.92681348702936,1.10082857736283,1.49125298529303,0.971181440911774,1.27569874724294,1.54823093951987,1.02994441183457,0.771350054764869,1.24896410865706,1.12467517213533,1.09527382036852,0.987087709892603,1.06919621325543,1.37497400038093,1.77010936386366,0.886029535460041,1.37718784084374,1.41616207550789,1.13565554955507,1.02288896694275,1.60869293692962,1.29388663110487,1.66904475884924,0.937346915119274,0,0.71325871368482,1.15965649105448,1.43303166358024,1.63862403444268,1.52648732919299,1.10772907691477,0.939559352378227,0.956433098192366,1.38867025095893,1.53539417544924,1.02089781083178,1.01865557875499,1.04106094025128,1.1395387248036,1.06771229671791,0.849374381305933,1.20872201434537
1.81894611828277,0.992298089673744,1.45471262826477,0.80991052383152,1.23910322893423,0.992705963675303,1.06051182427045,0.908553851151263,1.18073854343633,0.722285345632176,1.1328853924763,1.78792436000979,1.01175921960343,0.86571487859237,1.39999747750596,1.45440840632612,1.19025415777445,1.01786388557806,0.993309206014096,1.62404957929301,0.716016568376004,0.857013711575802,1.97114684195713,1.09125410203511,1.99070487543679,1.04164438978076,1.52558946328995,1.27929717804052,0.968925891270112,1.00080662574605,1.21782958189428,1.48435178929224,1.97544012731116,1.5558760504944,0.955036560479877,3.184713577406,1.08486106173686,0.750033011139712,1.72427971636251,1.50010557801062,0.928434989344001,1.0523555307389,0.929906803575215,1.14235848173178,1.63548016871421,0.460496400173176,1.46799971661837,0.57303427593513,1.15828461676717,0.766676810967628,1.81774144998084,1.2481416939665,1.52408565076449,1.00341631285906,0.878963536537992,1.19178690021669,0.979506379906639,1.3476258486723,1.09735114818942,1.97962262705244,1.3732155441203,0.714515323833208,0.995185548874549,0.709675900616202,0.761245103174707,1.04707718804783,0.911259786706831,0.681445116716312,0.840880966014179,0.431067588886243,1.36266778505849,0.99587345200888,1.24627921968981,1.60467733812867,1.63668951470029,1.07546503906528,1.66555171853698,0.787458824671172,1.08179051001279,0.912046496223374,0.995648304101729,1.49068496846272,1.17613413087084,1.03268525303497,0.969997520067356,1.11274567027481,1.34558861067757,0.815083827534661,1.60833526564292,1.61068423255439,1.55163854419468,1.68227485364289,2.11713468744355,1.01011613692137,0.862482311582194,0.872208485124118,0.989029169835714,1.3458742543962,0.913419915953324,0.771413915198491,0.877691909466339,1.0363162361568,0.588889858560673,0.606603921859187,2.06434332995383,0.89878132422928,2.1758676674554,1.26564728961816,0.934947673850591,1.2102318940621,0.897602174188493,1.2581719530646,0.801047851315414,1.517675386755,0.782012967218058,1.47127040793305,0.677483401411545,1.38555823205053,1.21351356580889,1.64793495309619,1.37153506670946,1.29624450934537,1.40390101797553,1.19966059155145,1.30133911968458,1.51052921279106,0.955513905551098,1.14207364185835,0.863744759437876,1.03067828352473,1.42342857968345,1.15895800134267,0.682356277943313,0.935196417647864,1.87318262172851,0.777913683534787,1.56205190776073,1.0430736147628,0.932329422938754,0.99484284395927,0.85146986393279,1.11110245699765,1.20577648524836,1.0659678086018,0.999493843730587,1.00556034189244,2.09204042873858,0.89837999180108,1.382619889198,0.876855944219042,1.35777435843878,1.67734142278814,0.744259315872703,0.607272589169215,1.04173811822284,1.23497713214527,1.03804838011204,1.00821551856155,1.01659864241143,1.32072891230129,1.70438468068159,0.721253862739521,1.35055246458718,1.24247114374104,1.07940958321185,0.637864874825416,1.61507557967716,1.17224744934443,1.76613659871642,0.482121141269852,0.71325871368482,0,0.977728442496569,1.38062026979571,1.54194930913061,1.38693771251171,1.35254760097362,0.870955444652033,0.62384113350318,1.22891920113296,1.56990440740494,0.593026998861471,0.948850435916881,0.650907976467308,1.18851415064029,0.689356530287595,0.826584031353862,1.05791487614801
1.76052866562059,0.793842702820402,1.50737147036469,0.669179957400988,0.794102979010798,0.679519193022413,0.656679731385524,0.980857721652787,0.591208754910776,0.740243740866722,0.638250795613283,1.00984850955362,0.631289857105482,0.926449051476492,1.61562757935805,1.71424650037159,0.549596022789593,1.25589932107839,0.908998461756646,1.39937007990435,0.752305758744646,0.688939953109613,1.71670061436066,1.35043708827356,2.15022896930054,0.965949552655036,0.786436919604439,0.627074335706501,0.863372343277509,0.485357177973674,1.10615278204444,0.999435096812459,1.79509085460295,0.957159764327214,0.900061015220566,3.51243453377817,0.534507071600487,0.956032816319837,1.13298334300641,0.867528736780893,0.609391281652757,0.671018018092748,0.4110217240062,0.825194496569546,1.17180133492338,1.11841657233052,0.7322216659787,1.12328409855675,0.938142965608066,0.679074996656839,1.22463433043815,0.874847231273257,0.812663962897853,0.816082669145529,1.21760290129723,0.43770933390453,0.877141430647657,0.716477352448108,0.958119331903282,1.51248449359724,0.751583177965518,0.793094583851764,0.713829343233804,0.917930231359309,1.14632171916513,1.34265012609884,0.813746440851557,0.730943629878195,0.67412390962396,0.859494270794347,0.671448597171634,0.389040593387367,1.16952842991709,0.949802480023343,1.38937500430093,0.65405164872829,1.3308074377457,0.494994093798623,0.774438365255532,0.917437996827718,0.460605895399593,0.888156885597752,1.37597172175325,0.710187338266567,0.38420628438387,1.09015998892072,0.952026875189453,0.675678670913933,1.01829607791323,1.59770028641023,1.64653662822898,1.70517822559648,1.4976974759923,1.302031405397,0.675726459934697,1.07104118044611,0.453440075068609,1.26196646366595,0.829368928650648,0.815657480195606,1.28505600935002,1.25148609400972,1.28592001613615,0.982207002549018,1.37366293988142,0.911548847724154,1.92488319658991,0.934128416563771,0.6731454153386,1.53532601948685,1.30541625831712,1.35386839955357,1.13416402698837,2.04449401056476,0.594738854432742,1.88463357341365,0.744070717230806,1.30223417607433,1.72143044451094,1.92040376982902,1.60874504187549,1.22146556825716,0.901993460865105,0.704402207260295,0.761144400381074,1.20043585613308,1.10068511745522,0.722475448148752,0.949773304373481,1.5288760666345,0.810304774150469,1.44387536394028,0.720468673991996,0.404357712849899,1.22233188136367,0.483878818289611,1.00278549585201,1.230705730262,1.24156289502042,0.795015633852873,0.859668986913091,1.07736201856897,0.588328800064998,0.72869066726842,0.619571788311615,0.560363978521716,2.61413159602849,1.38538098823966,0.664781280294428,0.458210134196613,1.23723048666929,1.73028675864808,0.659410629518375,0.672390850632351,0.447263808776303,0.804763354642758,0.64149830160962,1.27453269783108,0.60060013859742,0.65504452023505,2.26535200046572,0.949711107575595,0.683834909848839,0.760264195065156,0.759133062984998,0.98602926625605,1.08678236920789,0.741677162481331,1.15769576315516,0.802299371810412,1.15965649105448,0.977728442496569,0,0.674190483378474,1.0096579885204,0.663617442491299,1.55660175052653,0.731168128946443,0.868715229019007,1.18699854117529,1.00345193528394,1.13123369343741,1.02784794979342,0.850604429054723,0.851954525727707,1.3073119318116,0.908345569900784,0.661332032702556
1.66080728851556,1.27733445328232,1.63453871380809,0.96160470380094,1.11673391800015,0.903953707105667,0.774496217453292,1.15485878147783,0.518031338618543,1.08084226035134,0.910439205584121,0.668760959755911,0.610027133645498,1.2134246785365,1.84261535584399,1.91345058825731,0.397923262468338,1.55109995721215,1.07354636386166,1.69097927349565,1.32329409105214,0.809124832567015,1.54024105709672,1.68974513099878,2.53608335886862,1.00722669346629,0.800141878831407,0.575120020188792,1.37649276462505,0.832673553359686,1.30450394309796,0.887951007544332,1.85578703510049,0.866485167062807,0.911095170108276,3.59560455857753,0.91828004137233,1.39239795834342,0.92085126786131,0.846750656704642,0.653192507174451,1.09708600144216,0.871893595078433,0.668139629421179,1.41389168273715,1.5203945063162,0.457298924080178,1.46035735895198,1.01059584958782,1.12199518004646,1.05428301801372,0.917267564371461,0.756450695887614,0.744900257287073,1.42987620436383,0.387640109195567,1.2294840553836,0.824387492251575,1.142593281396,1.77136946891901,0.627750190972566,1.03163063316051,0.718886573007438,1.29393383927116,1.35674863113631,1.6910898682139,1.09117069281217,0.99005222030995,1.09468011456221,1.24317301519977,0.997804633991937,0.691705005686608,1.24138437860027,0.975524775723294,1.27688231841678,0.950158825997358,1.32939145558364,0.806851499937659,0.973842069180596,1.28333486145821,0.693562616159301,0.546257054119235,1.58479311246083,0.891138858396875,0.826962704110903,1.07608871134496,1.01735683935042,0.999872677002983,0.53718770060716,1.60259835644657,1.68903747492175,1.72807562248024,1.04849161716704,1.54889054815285,0.916400417076586,1.26998563016652,0.667305644835501,1.27287912044797,1.20642914653639,0.992418849524169,1.42715437700223,1.55268040489965,1.61300719391885,1.41143382883199,1.09288708337149,1.39246659432417,2.1733575262959,1.38053220167672,0.878550746495085,1.64442379197047,1.55636766607614,1.36737599380043,1.51743179678196,2.31693003595221,0.975092526724847,2.09429581643462,1.1591695224646,1.37029172956205,2.0452132646239,2.0805593222598,1.71078495296481,1.55011762075021,0.570929340433952,1.13515543452602,1.07010054320656,1.57773114700773,1.34138321544266,0.823664056715599,1.24324864650776,1.82211222556751,0.559191210736596,1.52510788461767,1.20984939786751,0.914699152334311,1.14810119295907,0.867748226394893,0.646878883715007,1.39191983275719,1.41739655122328,1.09575804271837,1.28194408741633,1.1214648631454,0.726582666511326,1.06047492689944,0.788452608584461,0.872884468937342,2.91256113276859,1.74525515561601,0.871442025705155,0.699112775215523,1.41699327775362,1.77800179397492,1.07741255227344,1.05950629598173,0.685547546849016,0.875329248384027,0.952728185059206,1.4942695589839,0.784996351186588,0.666848420737884,2.45812222117814,1.40306898280092,0.638307441683889,1.10307662487846,0.894310227640731,1.31204307488039,1.18928317311881,0.56622255964531,0.912514148694255,1.24130169462805,1.43303166358024,1.38062026979571,0.674190483378474,0,1.21571671551845,0.514198284010447,1.76672873111357,0.906778180866838,1.23815602845664,1.57138184191731,0.95823818394332,1.44460197959017,1.31362735051555,1.31874323634432,0.886555605034252,1.68708128038574,0.983535770299152,0.912288898126648
2.48152561433352,0.953903566947155,2.15646549172141,1.2724498757179,1.30342011129544,1.46134363844824,0.785541333169953,1.57092775416826,1.34573167192847,1.18850540070937,0.774104779650831,1.24241731899238,1.36673245584441,1.04107216870261,2.28862766158952,2.43790148523254,1.10678546507934,1.99731935630217,1.24797455189414,1.27445581933672,1.17679337059088,1.35218671049783,2.09021018993502,1.97417514452128,2.56847943194938,1.7281227709094,0.663899185383996,0.96381682354306,0.86296069045801,1.17152992681637,1.36056922779296,0.986296900311689,2.38212173968213,1.22110634982257,1.57085506318963,4.17865600809664,1.00114231904944,1.16138194899497,1.37405836793683,1.0109930775899,1.34819809803319,0.831858843363648,0.927916235251918,1.45877226486998,0.266919970775384,1.66872945223502,0.892201215622586,1.7325731633176,1.33622144026026,1.28823789468114,1.19371498343351,1.09663147127043,0.731867366032939,1.47620760510836,1.71050661316444,1.0117453512503,1.56466635039423,1.02603501042815,1.71217538980469,1.11013002526658,0.950073133417674,1.38152564879393,1.360819317576,1.58914867007656,1.77961545337722,1.94487637344276,1.23571335549705,1.3783261795792,1.44225461898753,1.40287157205087,0.691118286535995,0.905688319680632,1.72571743805228,0.656743259564537,1.98220840433552,0.83324062419195,1.37988476914433,1.15839824419184,1.34515775720927,1.60322567113347,1.12708427428295,1.42556428274526,1.9801217167503,1.20649416765355,0.880659185566374,1.65280207186619,1.22717452564957,1.15081871543983,1.61448753303152,2.4142115516358,2.45358644440773,2.30001661531121,1.74726891819683,1.7746569036805,1.29657440931738,1.70934830676879,1.10383090266127,1.66267041670937,1.43706405896574,1.41820162506124,1.98825517436362,1.81114114686529,1.84591166717646,1.60043740079965,1.29425551167538,1.26062938828219,1.97044516464276,0.838426575687254,1.24893453963074,2.14957180479105,1.93914752015786,1.89159387769968,1.62573655482328,2.65181612476416,1.26639765993675,2.55279198364804,1.15074786195563,2.13912131295292,2.41191682293353,2.4583573787055,2.26432648381101,1.69026164096479,1.12559946449212,0.656685616530273,0.474112835906996,1.39948053288943,1.68935372205111,1.25527598904656,1.57383879908534,2.14651814153791,1.37109606496806,2.12458680811218,1.24142739394925,1.11875134879889,1.32441368154902,1.16697787576,1.59307421425672,1.58073556528044,1.90332227190019,1.05114272180727,1.01768600104756,1.74447880648392,0.974661750935391,1.21716795538412,0.822409515231075,0.806878854059745,3.0427898599233,1.76921347033124,0.577361102301927,1.05892527225682,1.85752487482161,2.06778301577683,0.93338849848674,1.14453048620831,1.00352187288802,1.16066257006876,0.815233583552072,2.01341993335109,0.809776411001148,1.05270521787408,2.91571285589568,1.26422360134039,1.04737026205858,0.415108962596638,0.899459057289477,1.49849442709636,0.802256818519991,1.40452692983128,1.54553351337762,1.33971627170785,1.63862403444268,1.54194930913061,1.0096579885204,1.21571671551845,0,1.14778637467012,2.10705828079495,1.33242136044889,1.45568049209763,1.33094874823905,0.759649380742798,1.6772681724914,1.65544771501587,1.43451888369516,1.11044712013069,1.84087669919219,1.55043912646078,0.824938750088992
1.9191716147711,1.06403898603104,1.78700400132422,1.0283370735892,1.21020470240718,0.894263794376422,0.758528406215786,1.31808883362229,0.590523401815949,1.18412990611239,0.791156795344023,0.924429472782137,0.594012195715346,1.25125742874491,1.94146192961715,2.08657801942217,0.481733323453347,1.64577485016258,1.22812680628714,1.62982009215366,1.23890409498386,0.996308482802765,1.93706333158246,1.80924620193622,2.56584033078252,1.30750462071697,0.787207152578694,0.474336499570199,1.24622483143653,0.632963776065279,1.37459944092433,0.926762405808022,2.11786045153386,1.1848454380798,1.0961370966469,3.86011643963036,0.778439512963914,1.22742452654939,1.02191847355127,1.03714266883985,0.85609946397677,1.05510466961367,0.835365167573915,0.91458821344412,1.38101476570666,1.50631761788962,0.484653868052187,1.51302621873059,1.15959514126031,1.21853187040376,1.27453925707971,0.995967282526738,0.855665206366273,0.974743657332135,1.64843484821177,0.490379832553674,1.30853230096116,0.801950490873521,1.3385843267139,1.752532779064,0.893779673365794,1.0595159354539,0.940115185169446,1.44039833566651,1.42194422701613,1.85385206443574,0.860599714194981,0.873508249293415,1.12743917457215,1.20206797685351,0.918039968638246,0.66099054779034,1.35180323130704,1.06875028928138,1.4261121671602,0.936889117130569,1.39449285623494,0.896129309189401,1.12654469394797,1.39210539919113,0.561763150561454,0.836373849834874,1.79303526492372,0.96737806854349,0.852232486051976,1.05521957196477,1.17102175900349,1.06912262748095,0.872732391148521,1.87925326635018,1.94315516501926,1.7722376429379,1.34873087713189,1.60168606351468,0.834490385147804,1.38293926135335,0.644686226559939,1.61391169001334,1.32507846494098,0.866511655302176,1.4351168155755,1.65588563350765,1.57438816094553,1.39682740580647,1.20458422560846,1.18948909632863,2.22787423071179,1.21394628418219,1.00397515839863,1.65201905740978,1.68178795005407,1.58122762113032,1.61853599845647,2.49277431252157,1.1190094297698,2.26482483019019,1.07712912526572,1.60876804446232,2.15433919251248,2.35774957026727,1.87358288709833,1.78200144792995,0.814372299120382,1.08793247567338,0.943420726014809,1.66105566422074,1.39830721694138,0.745882049035244,1.06952031582033,1.92107821643061,0.718338926946718,1.72581757685344,1.04480018179655,0.90114120706441,1.11977693867494,0.771763116602446,0.891743443423019,1.3763685050612,1.53772913477691,1.18275658386703,1.08489547096465,1.27877592986026,0.657691650169938,1.02382163167909,0.857921682723766,0.895172887952238,3.03890849688546,1.68201019462317,0.799589479020588,0.811087492913788,1.62291430991488,1.98635189043394,0.968207782165879,1.13785581006427,0.690466258232811,1.03114092855002,0.954220186164991,1.69443445817846,0.831847706363494,0.857428869482812,2.64805045333231,1.37365578788785,0.603848560669417,1.00901414551296,0.944836516326148,1.33829630154002,1.2117443397297,0.768347782295888,1.1499144992493,1.12400489842334,1.52648732919299,1.38693771251171,0.663617442491299,0.514198284010447,1.14778637467012,0,1.81435600912917,1.02759390893718,1.1427419927628,1.56932868223488,1.00883497910532,1.32057639914666,1.37994861612303,1.3601492478158,0.974884422641247,1.6214019127371,1.16400300904564,0.932129613847308
1.81293692437035,1.77433131652624,1.31005375917097,1.29398571233499,1.60202851332913,1.25076977154035,1.74862559323311,1.20116041438887,1.52557724890177,1.54970307410575,1.77248186904406,2.08123067784371,1.56448741026201,1.51545337754158,1.16699201706911,1.32099006274986,1.68666950686788,1.17189331247879,1.35939307265122,1.72270650746884,1.67582062632483,1.39713834341055,2.02458665932006,1.18177904813777,1.93359688247413,1.51953979002893,1.91460540547188,1.72254972862858,1.7619112076259,1.61342376007756,1.15030883644158,1.80334556299483,1.49358820014379,2.07725361749277,1.18584769454915,2.82598776207794,1.53156952668978,1.67545911078796,1.65838809953475,1.73486924597171,1.47182076666114,1.71444763403745,1.69209054849923,1.38708009048561,2.22201454960724,1.22037886396934,1.86147379416552,1.20435144614437,1.45422537796437,1.51258957014763,2.06088188749054,1.54830783435825,1.898843502502,1.36840931623646,1.35743790349679,1.73273276153358,1.08488037653148,1.46471206060534,1.51779911715146,2.21352113426107,1.90211765272391,1.23207599717066,1.28710459992679,1.23251429393368,0.934921409135913,1.26443580373992,1.41680480551528,1.36474751405964,1.31855921244455,1.31129090391501,1.9644864085883,1.65609065258236,1.0018253600865,1.98067497784898,1.25329214023251,1.60921114459404,1.80227257359195,1.41338634390012,1.42613354480811,1.62660208383651,1.43302105789317,1.60230562300991,1.47075256314836,1.42918065649013,1.76636029286439,1.25701852391083,1.44833835774989,1.43798466142989,1.89175924441808,1.89310039816495,1.8252983690826,1.38715961231071,1.9800501974668,1.30725264365533,1.34447802156338,0.930806878864453,1.67415147986782,1.57514861459319,1.58959237933012,1.33950497501747,1.40266187814004,1.27806097726261,1.45643505421038,1.58193323269649,2.00741542880439,1.83585253697969,2.1446429601715,2.05552498187636,1.26125853397015,1.37207399553942,1.1899694941629,1.30500690011385,1.18443850164233,1.67600588684228,1.32588482319665,1.38662618359836,1.39874505328182,1.29782595255631,1.51432967149033,2.04703451180657,1.45273773565165,1.77472193868508,1.79759812485189,1.88975519700814,1.81916249986235,1.77036093669643,1.31633005214348,1.28259210483924,1.28364160032795,1.0370664836937,1.79962512535842,1.44151270648559,1.4865565427779,1.59010499481097,1.78550968048415,1.58799999220275,1.56841660426177,1.29724348157693,1.05090546327066,1.36833281295385,1.71615532172034,1.10990843982129,1.86441482850493,1.35579831752005,1.61970179238526,1.59275720553186,1.62206172129413,1.53720990233338,1.92904197011167,1.35486664971924,1.48682648352302,1.34545063288543,1.63148817595459,1.47395051223913,1.77912501061694,1.38594403827981,1.4964170222559,1.13532691087795,1.59051937375177,1.69602517693615,2.00428148675364,1.56724697285545,1.61501289316003,1.95250723839575,1.61613695729387,1.52135935539842,1.74136643565482,1.67740694991045,1.57734981227004,1.53989090259673,1.10772907691477,1.35254760097362,1.55660175052653,1.76672873111357,2.10705828079495,1.81435600912917,0,1.51323642423079,1.3223223861116,1.38924388503181,1.8574218071682,1.44335604719055,1.37509656240063,1.44835973486378,1.43969952934552,1.25938142918247,1.25943617263562,1.66668679403836
1.38515046480665,1.07123592808916,1.57599668559416,0.540986689308269,1.15312937370004,0.853895224536694,0.755929922582299,0.953141957939285,0.814334061741404,0.838215191829024,0.92989071805701,1.26013182782924,0.684550407584222,1.02656765237942,1.52789744091611,1.46485526595902,0.835778711179662,1.01554604427549,1.02464540842434,1.70947105571895,0.985760528027121,0.368996716945086,1.64532984820638,1.3304912285908,2.20486569513042,0.814889321325992,1.17934559835982,0.87720334968634,1.10199771935514,0.858468718236353,1.24930546683063,1.11676125480807,1.82233048750588,1.20762597996446,0.780885493595323,3.32233783737056,1.07141740496701,1.07103275170149,1.40907679758045,1.16618422997199,0.662883883863711,1.01426319692362,0.785187699823586,0.938696064930171,1.44628699205443,1.07540917258016,0.991812553124887,1.04394801799437,1.1232923490216,0.780217780681911,1.35252626370799,0.948901222321895,1.06264687548235,0.714620023931032,1.16090478844426,0.73414961793343,1.0459611411113,1.07952113706553,0.984976854900665,1.81498840652134,1.01342720988575,0.925936435906852,0.689748331381833,0.835901925551289,1.08736092653387,1.29319107328885,1.05739116541916,0.83975077331202,0.822070554330434,0.856515318667587,1.15676704345098,0.763157847708251,1.2358676127535,1.22692006088371,1.39522649722539,0.887735532261893,1.48000460273752,0.593298661816077,1.08230653006255,1.13403283367755,0.863953389022797,1.00759602350462,1.36209487334893,1.04133011953215,0.784570170701462,1.15652146388894,1.06701299495086,0.521056504425565,1.03751602295834,1.40815499042942,1.50624748895036,1.80250306759164,1.67769233031875,1.22266136815507,0.834784133113982,1.07008460266774,0.793946752067536,1.07766386387309,1.04614470797338,0.892766434818695,1.20867413446128,1.15582709963998,1.18450767606533,1.00521314820113,1.6542116718014,1.16295140638117,2.0575961080367,1.30856190671656,0.794282916260486,1.52398393782191,1.30683095770534,1.26790215879689,0.978599324118236,1.97057979184537,0.605996189932551,1.6212576693169,0.896873932883564,1.25214520373792,1.60978645641334,1.84895034624687,1.40747096073385,1.27957164328959,0.815465892955634,1.06853412590699,1.17140515660087,1.39972171066862,1.18697387611551,1.00461548769506,1.13124438450265,1.3431106336146,0.938032363357953,1.37803566516184,0.850638464018785,0.827904578012631,1.64818337201268,0.572055535777731,1.14746821599239,1.20615126627751,1.10715427106471,0.996087992288612,1.05972064552861,0.856129042926427,0.937352130011666,1.05827933303174,0.665575320636703,0.85043014584049,2.48662748873554,1.40508061978696,1.14323715628471,0.683739936890493,1.33252546313859,1.6797791248296,0.771903209122933,0.74612521375455,0.748564455930819,0.944645693636881,0.992585823330351,1.14290125325384,0.791506329893868,0.861051208145885,2.04912107771191,1.07232345710489,0.991576825593267,1.07837235652939,0.829384873721601,1.01799255878588,1.45022425338962,0.717253845568635,1.34699638333217,0.781577722800262,0.939559352378227,0.870955444652033,0.731168128946443,0.906778180866838,1.33242136044889,1.02759390893718,1.51323642423079,0,0.94439390123882,1.38185161093537,1.2633997922887,1.14229165184203,1.16362037252155,1.02601032009225,1.02887102245835,1.31677880299182,0.714800399748814,0.792155466945555
1.89515998343341,0.922548082198917,1.38595329389679,0.795630731702779,1.05200295572913,0.779328069917357,1.05849594183049,0.963048158972334,1.02634241634425,0.862273939899837,0.911257769824141,1.6582022173809,0.834996125097788,0.971312547990914,1.30684931067499,1.55865092867481,1.06246135906721,1.04272496297551,0.975088986426985,1.41851833216502,0.762789253835042,0.902310211787504,2.02700624204823,1.05939537169645,1.91503223990916,1.10258469599718,1.30324533361164,1.05697744633315,0.951114162792897,0.765173004360816,1.14618521035712,1.28168397083745,2.00736941086691,1.49625840164056,0.908528519401118,3.29697589337586,0.895911684803672,0.804543699367936,1.46114865699273,1.27010057738558,0.876946615034375,1.02809359163087,0.85755202920489,1.02721828849319,1.59150651227619,0.623267133663537,1.28881620995216,0.704173317428858,1.05572678083005,0.721102548406909,1.73604555244625,1.08634372123679,1.41704266480998,1.01095843913541,1.00710123950418,1.08772248694399,0.867057576332838,1.11304461283656,1.05800618985233,1.82112436529634,1.27374129868441,0.522013832760261,0.947317204887267,0.967307542986394,0.750763062503494,1.23150350736411,0.605330096273308,0.554120785779912,0.689810333107117,0.561371467191277,1.18565158981556,0.825501562435435,1.07652948375303,1.46126100202918,1.43864890311735,0.937852816335342,1.37181217816887,0.833244230884708,1.09061179455876,0.95353973613037,0.771464102403689,1.32942026341745,1.23735760924963,0.815637583374149,0.94674063616221,0.900773023645738,1.27719718337505,0.793340375177807,1.5365577592261,1.71303558132904,1.69516665509065,1.38981718304096,1.93000669604668,1.03650910274462,0.720397547528465,0.771988075055214,0.847080743873656,1.48096116012118,0.921647438167753,0.553008998629882,0.86423038373544,0.942915329608312,0.697246786365663,0.744059570741985,1.84271059080441,0.858102670656146,1.96545475278862,1.1407571009967,0.869553989136368,1.0764627793392,0.95807536333661,1.16258574467712,0.980502432242476,1.74333585527607,0.835197939907943,1.64827134499743,0.582072736162068,1.39277869108265,1.51578173847522,1.90514952702025,1.46929726749331,1.43086432612749,1.35784471883976,1.13700526580717,1.17058276605192,1.46214010277104,0.842286170656946,0.882375224744423,0.70990821003282,1.22639055177786,1.3063268993019,1.29163628962292,0.470378016595161,0.790500107090542,1.59122853904211,0.749619231957194,1.3607666547945,0.813526935322048,0.97794317125454,0.939627511839784,0.779416897250979,1.04324961739947,1.12379890365217,0.832805847532314,0.986470818784596,0.911040554376366,2.18725950296512,1.13087065829974,1.23440121719419,0.785326975035677,1.2618748510651,1.81938523040731,0.733377023524387,0.721846240754222,0.971218890045301,1.05919883259475,0.931658614275223,1.19080431287852,1.02306247988084,1.18797386361771,2.01749267680816,0.841062174929137,1.11884835148746,1.1983241882764,1.07462182331606,0.593218772243814,1.47793103371849,1.15894186567951,1.57620379291313,0.58915666774843,0.956433098192366,0.62384113350318,0.868715229019007,1.23815602845664,1.45568049209763,1.1427419927628,1.3223223861116,0.94439390123882,0,1.25363267759091,1.35970342311548,0.622563090523965,0.88173149342338,0.710571129193701,1.03367642540879,0.626762480078669,0.888097173537357,1.01872517139414
2.25404247682699,1.03597646266128,1.85876923118173,1.22504294284375,1.36115115701374,1.33942262785132,1.25309193903769,1.35945147900347,1.36420355495184,1.17323136730985,1.20800038269196,1.66145706913449,1.50292015775762,1.11343458908488,1.8221308922749,2.06960821960616,1.42700335474839,1.69787399632008,1.18466362012742,1.09601950700363,1.16134820129622,1.32589862990532,1.80924847835751,1.4114095187147,2.17315726068192,1.59306897064841,1.34106943472788,1.40307712634669,1.11343122269974,1.25041359613738,1.15997201581073,1.43951999174667,1.74508256752232,1.61232711274019,1.4412379588444,3.69227695202188,1.14090078947955,1.21392204662418,1.599759386352,1.4064598371309,1.37822967828233,0.821470263453775,1.18643948677855,1.50974240225325,1.38281409747215,1.36787991586832,1.50941812451011,1.25579364856868,1.35358049925248,1.19723281632108,1.72463280097525,1.08345608279533,1.41705633452544,1.40892574016587,1.3183809889778,1.38944286015938,1.05887745995142,1.14578190813925,1.56313924005679,1.5868300768707,1.37631807507099,1.29678854750751,1.39128206947882,1.15313821060381,1.41186093412396,1.50880986997033,1.26096538960835,1.33991254778382,1.23139819586772,1.23667611177131,1.26178634856773,1.23200360559598,1.56425965307635,1.41658300859601,1.93230745339512,1.15470347363985,1.5269820444729,1.04038173064525,1.14115581295474,1.3887497641833,1.25539062157988,1.6395574261358,1.69541352803659,1.17177654992397,1.20758280406074,1.53137603909749,1.31036893592047,1.23039493149787,1.85761140167796,2.15321240325687,2.13276027255575,2.01596542275892,2.07169106392521,1.47540453530831,1.28611729258353,1.23977811348692,1.32325556679545,1.5575496475458,1.20593698619478,1.39254386379137,1.74792426731649,1.50852979659222,1.57226400084286,1.39287324323779,1.80099385620919,1.33292163972204,2.01524572179924,1.29031014079759,1.23146473649239,1.91211938879609,1.56555184747497,1.64965755585778,1.26490346139041,2.1308396061326,1.04847936764477,2.10253490319981,1.13987404766864,1.80815352694263,1.71710509207601,2.13479262261656,1.98949448390755,1.4487903862182,1.54987960950792,1.19915790113115,1.14052502408408,1.51133060736581,1.45596907330882,1.28510537741395,1.34607689807021,1.69588450048133,1.66151906130789,1.79209511349209,1.19861437968741,1.17588877867333,1.62266314903023,1.28283881569042,1.76040015313963,1.43420449112463,1.60362988762026,1.13770466544491,1.16451192366272,1.60673949031977,1.39461835860733,1.19101340912377,1.19733558819787,1.13598590186776,2.22814042088606,1.47236795619372,1.2763394686958,1.07282250622074,1.6978030780486,1.65428521417906,1.13563128692419,1.15761763310823,1.33531056080823,1.32498763766357,0.992801106113518,1.4803246936139,1.1803067257993,1.42121914028808,2.44138179955502,1.18430624482607,1.43383161414315,1.17243172017232,1.24292699487601,1.2393273699468,1.16715674620544,1.54392431284415,1.65879915053162,1.26767804103458,1.38867025095893,1.22891920113296,1.18699854117529,1.57138184191731,1.33094874823905,1.56932868223488,1.38924388503181,1.38185161093537,1.25363267759091,0,1.39968903809761,1.4804952447616,1.3653458029701,1.15194133909035,1.22020165944108,1.33834834879798,1.44374642307754,1.2059095762711
2.25190272513116,1.26053602077433,1.87704974416215,1.22596942001615,1.24948278377522,1.28816395096258,0.857854907117177,1.29841313056395,1.16579287638983,1.20393070578943,0.733449176978433,1.11581752837578,1.23509753161365,1.02736607348405,2.05207429127532,2.27053134583301,0.980246666729678,1.86860161246475,0.924526735143377,1.0781845845059,1.33805937826285,1.25319518850321,1.84559922119213,1.78373218196047,2.52493852801886,1.52790419043487,0.453799055450633,0.775137553604444,1.15281012413564,1.17646032138288,1.05724371860482,0.48697010153545,2.11245412115364,1.19280615434915,1.28816658283942,3.95355790889884,0.967602973756426,1.35302307607948,0.779129694345112,0.551902856524058,1.12145255928863,1.09742654312516,1.04404304684347,1.10743911079477,0.930046917552514,1.61974736489133,0.730872479751199,1.62317867715955,0.956274552208553,1.2362542762149,1.02095464683377,0.720000132810379,0.705992088611483,1.20627311864227,1.5047739030893,0.881019509485225,1.49644179532259,0.754525883904216,1.48732234355356,1.29808702952905,0.840152393841481,1.18622791859738,1.08953051268919,1.51671643880053,1.59025222157361,1.85430901206127,1.12284112466014,1.26695317841476,1.34638687486007,1.38553841442767,0.915797731298756,0.918928026665592,1.32674471703642,0.546463620157666,1.58267546854593,0.832934641463045,0.750508517712671,1.16462208569582,1.26668101790801,1.57644276793545,0.964914318066416,1.05186110003814,1.79018710130486,0.936582150462238,1.04055239381918,1.30703657328154,0.942585814985899,1.15852218440945,1.31471460351197,2.22049272604081,2.2446109569403,1.84950988395803,1.25884855921987,1.64564477022495,1.2210074411397,1.4293361733137,1.07083489573173,1.42822654278143,1.40856388399949,1.24698379535719,1.83835148207314,1.58051759015611,1.82114065635229,1.66711916513733,0.870708195635358,1.49457121247716,1.78312431089095,1.20761466424788,1.08408412761594,1.90495016013624,1.71663514142214,1.42096006030667,1.61274621564927,2.53248692355004,1.25520406027419,2.40208870691549,1.17327292657305,1.91386736698824,2.38019502642769,2.38597681195447,2.14558934375846,1.68442488305285,0.914597893254566,1.00630860975618,0.711418044788513,1.45674028326384,1.46777108686935,0.998108102902588,1.48448693160924,2.02524781993015,1.22580108330936,1.90041557589266,1.30314209158863,1.15162916960765,0.946814606906748,1.19818347568928,1.12624037773699,1.20898114142168,1.65755033506422,0.923046070534404,1.20933326672845,1.45335292547483,1.07824233638043,1.14181721121099,0.834804169687814,0.775233152152887,2.86323529241663,1.84376214188274,0.80109672860804,0.947892404852267,1.66022182604019,1.84113395263168,1.10823845459281,1.19483020534465,1.09542751410789,0.707050121953897,0.752446025406697,1.86515195792919,0.793353980286922,0.937528319207554,2.79287006635388,1.38681805862622,0.790426238128046,0.890185191142019,0.863799771422813,1.42919546770244,0.648775400416499,1.27076078703223,1.04026072559149,1.43494949338557,1.53539417544924,1.56990440740494,1.00345193528394,0.95823818394332,0.759649380742798,1.00883497910532,1.8574218071682,1.2633997922887,1.35970342311548,1.39968903809761,0,1.64979650458639,1.53574194389647,1.51097447035875,0.614714372299436,1.76854171439896,1.30837947636592,0.899816251988658
1.95039341268878,1.10249169632831,1.51464966239443,1.09157744047319,1.42596620433059,1.06999669503914,1.19349752018713,1.09050062396387,1.23732193935382,0.995406706451809,1.23476163719821,1.89919979344698,1.0017959091831,1.11598002378267,1.42443678779547,1.71042902981959,1.24241577074527,1.232264945434,1.15189477224404,1.7177243219666,0.957841820026906,1.12203148604696,2.21703752678147,1.31329350828608,2.17578868513592,1.3018050529036,1.60396427321965,1.32188480232117,1.14546335556548,1.0222772278256,1.36814322751271,1.56346370861222,2.17093706228112,1.76768679883371,1.04454473789594,3.37639773806805,1.09233199333673,0.894532321807519,1.7137796565818,1.64185580615654,1.10573298246722,1.2728514968588,1.10597928412053,1.19599667883624,1.82264170531248,0.679803174880894,1.50623875638342,0.775614515675865,1.29460228484276,1.11043833918308,1.97104911148758,1.40040759246427,1.674499645178,1.13250616448477,1.21770259788155,1.28234300968976,1.2193251694511,1.37988926195446,1.22952363655834,2.14595988315185,1.52630008992506,0.784940361068749,1.13468100006481,1.11492554923113,0.801358315666391,1.35297253130244,0.774955949566048,0.534422468248126,0.979150429176659,0.595859597605268,1.46797548720876,1.13133277526503,1.24801252675789,1.75163077661042,1.67632246034425,1.2214665315892,1.72995170731053,1.05128040558264,1.23461376144296,1.13508905737712,1.00632746137002,1.55297089271463,1.45571116531802,1.12454460608228,1.19412952766338,0.944619798780097,1.48071161799783,1.10344809413191,1.67067950325908,1.78456344684517,1.66709036993332,1.5187326374599,2.15358580840119,1.13883168443345,0.965631265318035,0.977006027394193,1.07791004916801,1.65530894320973,1.1916331455711,0.676174162810799,0.788192251488299,1.26630513438047,0.544474500851567,0.809771689563463,2.0915252153422,0.961444175485007,2.33502877789878,1.38728054702766,1.17686605368806,0.993357582242171,1.02107407410133,1.39384131314019,1.15008321270218,1.74547491997566,1.1271024537114,1.67053726386624,0.795633107833703,1.59084504854102,1.41703954154525,1.98102929791593,1.54580363696569,1.66543318408458,1.52898638132858,1.42469146858215,1.39084711498459,1.79963285019558,1.02005956958661,1.1090807208096,0.656261564760199,1.2837564733309,1.47698330736181,1.22671420845366,0.738016825910664,1.1115537180883,1.82214908076316,0.920516781204684,1.5667578722129,1.05489348440534,0.972231985842867,1.24849125666,0.931409001574179,1.28072929797763,1.26099660625776,1.13615790209626,1.22733991720999,1.17129565575693,2.30055339482623,0.87294237174428,1.49217010237157,1.07483352543899,1.60634037823071,1.84112620581759,0.943016092522039,0.955192018558786,1.18839034504023,1.39171532276009,1.16524729414908,1.32006292731802,1.16530580655991,1.50141675464391,1.83172138909252,1.03872562867127,1.38480987038662,1.41379132953554,1.28023350798708,0.732233027269042,1.71405604855051,1.32752146931874,1.82819550581182,0.658666379109319,1.02089781083178,0.593026998861471,1.13123369343741,1.44460197959017,1.6772681724914,1.32057639914666,1.44335604719055,1.14229165184203,0.622563090523965,1.4804952447616,1.64979650458639,0,1.0074637859777,0.945053654068987,1.29089848563692,0.724443576029746,0.978828414378768,1.27755098539604
1.77481449432258,1.24937501232697,1.50155863416456,1.08123453588149,1.02052554369728,0.998025677176919,1.33747736459548,0.887024704015734,1.15551633247202,0.84927176712571,1.21885531020238,1.65649275703437,1.08238420476617,1.21941170066189,1.29087335043589,1.51492568129802,1.13584197662861,1.13920087113031,0.930334551721822,1.57388426956776,0.993855995274063,1.04780795617335,1.84156817123462,1.05705881555664,2.07999454134481,1.07040704214477,1.43752009399519,1.31948911897872,1.25286783819975,1.08637273561968,1.2189400945325,1.57558283082882,1.79312401553809,1.38323980857492,0.935953967078146,3.04790558907993,0.934595572837702,1.28807180985983,1.46273107776746,1.34123822632734,0.955984974254102,1.17810206501343,1.01757222262748,1.07838076507582,1.78069286478673,0.969976591419846,1.42984518896063,1.02129347154949,1.06497665469022,0.831692339456472,1.74715224380525,1.38079450879464,1.60901382187644,1.19314680618405,1.09263209302314,1.2251360572596,0.844270145776112,1.18769002614884,0.922158789159196,1.9593143130953,1.26304159598562,0.902508540086304,1.06846430218783,0.942587823549893,1.01359888777657,1.28947318286597,1.13813771302291,0.945229381721529,0.853673190418532,0.896081546882234,1.2615556290489,1.0522872534644,1.22511260768467,1.59388338438573,1.54802357477358,1.19718474985662,1.56899261902245,0.964416931487691,0.832560532694617,0.692390835226292,1.04885988127266,1.37767270117083,1.02241971511388,0.805125950756123,1.06582877359545,1.26494485236743,1.29618713253269,0.989218396828708,1.56897897468967,1.47614829583518,1.49552247802451,1.5423869015917,1.87337489602891,1.45859557516434,0.967484322809873,0.968095745672289,0.975050081587247,1.45595907865434,0.744730360769904,1.07792979162708,1.31430280576738,1.11442098072091,1.19786275198233,0.980943245879067,1.87908667464138,1.17980319218237,2.12268439912779,1.34534412781747,0.971432817092086,1.42259799447835,0.948102672498058,1.16693961053728,1.03599858410808,1.64853466958046,0.913355520499362,1.66894426895133,0.867519532254223,1.19108921532492,1.24917051507391,1.6133028308052,1.20369076061938,1.25606096448664,1.52234257213003,1.33840962401208,1.35225388758764,1.57404478884339,0.643091148003131,1.10978312271886,0.893109546274871,1.30461069130955,1.39346253762915,1.17618608452919,0.994226660852921,0.872649315052399,1.56598667579361,1.06737416339578,1.38179971329773,1.29116141464479,1.06090668373929,1.07643155893406,1.24690271120373,1.14129597652298,1.14937894239318,1.04077794384973,1.2671620709638,1.05939318019008,2.11443218284219,1.08695689723417,1.3453561498914,0.915496715104425,1.19977376341683,1.68531946189299,1.16132127798206,0.953219542196225,1.13183780197132,1.20785203855463,1.03826069670542,1.13038476162443,1.1274813638798,1.32410368151642,1.87512029568226,1.0937777966564,1.34443719854697,1.43014358419732,1.35177650688131,0.884639688203818,1.57382622684806,1.32361518278238,1.56621471922906,1.09766030149334,1.01865557875499,0.948850435916881,1.02784794979342,1.31362735051555,1.65544771501587,1.37994861612303,1.37509656240063,1.16362037252155,0.88173149342338,1.3653458029701,1.53574194389647,1.0074637859777,0,0.927767046819331,1.21375030066244,1.18349864944978,1.05038354534735,1.36124190423443
1.86234036856848,1.00387927783653,1.35009447465636,0.80422309197591,0.887634293507511,0.940843891529059,1.11798852858063,1.06598913006996,1.11461386819302,0.740758386156427,1.10281616324117,1.58573674640901,1.02980360096327,1.02543627171025,1.37728670737435,1.50629191401212,1.14461050118722,1.04649464915029,1.02808272171984,1.56172514624524,0.726742712284985,0.906414329714008,1.8188459300182,0.959748276268405,1.75275486857365,0.988375727633701,1.39849462013149,1.25949596015128,0.957718514119116,0.940227033137133,1.25257670546452,1.49406065680961,1.81555711571649,1.25885859711048,1.05210418983331,3.13686235664947,1.03025130683134,0.946243693589949,1.6710009235805,1.29458327059893,0.95463664165631,0.887830592785074,0.823863206063365,1.15718554009572,1.50668319717797,0.740138016593412,1.40488862194163,0.75695310467582,1.23049164739378,0.627811241016626,1.66509789340409,1.25824410629447,1.38640805160398,1.06547029892175,0.829502110260988,1.15485578521828,0.742983117259769,1.25615745156125,1.00111050361829,1.72992806193531,1.18993633083877,0.785814978082568,1.00476399880537,0.774973406743577,0.89436018239441,0.935689172598921,1.03690621673532,0.886266794140173,0.647522095881092,0.734877300012843,1.14666006148433,0.891832263140178,1.25861931133293,1.46091741698099,1.6242264550294,0.979616062679642,1.64091076140655,0.75576554994929,0.930440935979269,0.761674461866471,1.0069858585129,1.39989676482096,1.13890689021682,0.969747493657534,0.835538193397896,1.26366484582213,1.30631805355121,0.804139403524158,1.58963472218108,1.56949490328515,1.56441169258788,1.69207707736352,1.97823781850692,1.04776558055305,0.955824057266633,0.902744399290007,0.933945579143312,1.31936565249795,0.71382249911813,0.995513406987259,1.08621642556759,1.01070133176531,0.885143309568257,0.654980406538149,1.93840798434447,0.933051646307988,1.93243583443217,1.15676822231692,0.979331076012771,1.32550689840533,0.975602738666292,1.37590286105221,0.857120295366091,1.51272841692285,0.610225968079061,1.5139555088086,0.760533567855617,1.32966436815594,1.32505743034535,1.6295643538983,1.437853249626,0.999314182042168,1.42301388269811,1.01005600112836,1.23928311747774,1.21013468513118,1.05338747937,1.11963170997299,1.07866594528805,1.23235873689003,1.31992810170483,1.21092795835077,0.745679881666254,0.760388537055965,1.7758132658209,0.860557083152397,1.51713664768491,1.25174554012545,1.08689878506622,0.963575099746747,0.971364592108734,1.25373347561505,1.14821401606205,0.853070259759042,1.02237336361925,0.950314974251082,2.13318505787986,1.17165185313907,1.24638879727022,0.810346728287087,1.18100566083908,1.71250470299354,0.850111766595595,0.615495438459968,0.953875062410482,1.17316227271829,0.972360874072167,0.993478566894467,1.07060730701925,1.114190410528,1.86943629803945,0.836299764954444,1.28332925675672,1.16343874951111,1.12607128839767,0.655435477281407,1.4939517624374,1.1671774203882,1.65357080510292,0.755450751664233,1.04106094025128,0.650907976467308,0.850604429054723,1.31874323634432,1.43451888369516,1.3601492478158,1.44835973486378,1.02601032009225,0.710571129193701,1.15194133909035,1.51097447035875,0.945053654068987,0.927767046819331,0,1.25023599632562,0.869964808790739,0.956507567753252,0.996831497720177
1.98614981032095,1.17833737556464,1.49603002016486,0.960059386441439,1.12418973093875,0.963271833773768,0.826518152498939,0.89172773592207,0.942402584740426,0.95011092246607,0.741452806865299,1.28822044433577,1.01999020992913,0.79312788480468,1.69450369920432,1.8817686899357,0.857004769202676,1.51668446945582,0.529797828442881,1.02400129865619,1.12641932559345,0.997740582463188,1.75506643244257,1.41498086844902,2.26908673803036,1.20469034459477,0.801516494510944,0.753194520378987,1.08189238597215,1.00950210793905,0.693294109780286,0.583026544130475,1.83275310403623,1.28977019274899,0.920066011407956,3.57722914588,0.836844881077709,1.13266841238443,0.747290824744313,0.683439264081625,0.792325156048374,1.07458217955576,0.915526100367525,0.77835062972391,1.28741844964852,1.21944465751124,0.886112725627813,1.21239305625024,0.56676683157639,0.979063927803411,1.22387174147997,0.55779942073408,0.945216842487927,0.859175153241091,1.11988925621477,0.806195124552887,1.1991249376713,0.714713684296576,1.1862183356847,1.5556065250431,0.955392676591164,0.810941660613548,0.751568801724792,1.11884439763713,1.1660405684232,1.50799784494061,0.835293273048707,0.90834604208005,1.06715389197283,0.999211930104574,1.0920141743446,0.832375600726622,0.951606486098247,0.909123115546761,1.27200988761825,0.785582279455253,0.726938764813566,0.902302117431187,1.02981369548861,1.29823983855194,0.700705630186834,0.913543451773007,1.46616063280838,0.675946088632778,0.984391911492113,0.896455557507598,0.797607409734308,0.983556015435535,1.19572283580621,1.91058326461654,1.88043165122675,1.47961219628635,1.28994045198798,1.30810166571023,0.912947419303285,0.984272860964692,0.907854047721446,1.18938113063773,1.13512832942861,0.86739174106396,1.42552930849433,1.20952823384575,1.46839564051862,1.34124282871007,1.13631243845403,1.31473510862577,1.79112740933642,1.27310838263682,0.773103454959626,1.52647303786952,1.26089616838556,0.950267740962036,1.30328202068786,2.11595850458981,1.00324351531994,2.01177640368998,0.889828508733067,1.56658329622433,1.95863224981856,2.11339856915459,1.80268365198291,1.51042040809537,0.918003007482271,1.08191491379453,0.860767199988111,1.4156141729645,1.04910293082423,0.708264665445684,1.10636399276229,1.58479403520683,1.14985181492275,1.47379259507413,1.06243224533525,0.974356146711947,1.04869263532191,0.966013059731221,0.920664604815919,0.781278482911194,1.22266128763548,0.68285869595208,1.05403939999754,1.05473310937826,1.05803515474479,0.960136966064418,0.750745927362116,0.668708668826125,2.48531889992643,1.50833830455417,1.00910074011646,0.706134726690724,1.41107523343879,1.52717291484409,0.94798170282851,0.965677018104918,1.02880617608132,0.46918440105803,0.648247085383224,1.42232692475296,0.688252175527234,0.945814787731782,2.39823611590676,1.1231770230611,0.72237804357715,1.03737547568722,0.759809037720864,1.13810381466973,0.864812312073025,1.0498069590194,0.960833267826895,1.13807723111975,1.1395387248036,1.18851415064029,0.851954525727707,0.886555605034252,1.11044712013069,0.974884422641247,1.43969952934552,1.02887102245835,1.03367642540879,1.22020165944108,0.614714372299436,1.29089848563692,1.21375030066244,1.25023599632562,0,1.35819198633007,0.926498904775312,0.844935157027654
2.08456093527541,1.2614282782206,1.36225596203578,1.14114645949996,1.41901883092044,1.15214741301648,1.44439596194867,1.21879807002425,1.4097198862703,1.18192779414185,1.37289262760174,2.09252198294103,1.29740509252971,1.21818961041126,1.29683575856461,1.57544652759697,1.51968586219288,1.15946009418132,1.24104958559753,1.57348464667635,1.05638011126418,1.27184514297054,2.2552981590246,1.06762051813461,1.79594887869271,1.3710682077226,1.76322800830654,1.51616943822387,1.26235764493875,1.19881772054983,1.32930140849064,1.65836901853675,2.0522045957639,1.92513780155537,1.23232728370781,3.1624189472409,1.32890855896061,1.02416969020571,1.85416258466063,1.68202816791773,1.27967397377001,1.37542935460836,1.27614000917692,1.3833719705136,1.94905267911058,0.628152377669923,1.76806983061245,0.676361593645195,1.32228389659218,1.08642191071048,2.126974259483,1.40362711174059,1.81967962870774,1.2954695005632,1.03530407509301,1.54274096495509,1.10354468792044,1.54054783500705,1.35007875138657,2.13911005871216,1.71930398607725,0.847474191744558,1.27218776335571,1.08733623227379,0.784383455290408,1.1776568530337,0.984347043097047,0.919426281327718,1.01745692437718,0.753676951545559,1.64642374180532,1.30339007589087,1.25566374066815,1.8810389980846,1.68889586864209,1.35446421193916,1.69148187911103,1.15594207660517,1.3594154741022,1.22923009172653,1.20538440043447,1.72612920391784,1.40836009688815,1.22853544303204,1.38546312403832,1.10457160726606,1.60492158490058,1.21124756963974,1.92864307711838,1.89862157556421,1.7680877839648,1.46041485295384,2.29239193167105,1.01188607124111,1.13539287249935,0.848770497738735,1.31280813135336,1.6588517786734,1.18167375406657,0.915133937447641,0.823494694068826,1.06379551138369,0.600566454289588,0.82998766697142,2.24577839706941,1.13944082888246,2.14993181265512,1.51214982424183,1.23302528937607,1.03357215477442,0.913308131717735,1.31961290990747,1.06376978814895,1.47865646351662,1.14829156708603,1.4939908391541,0.928914891735765,1.57746451830376,1.35521818722521,1.95845652730852,1.61160378538866,1.61477552110162,1.75673465414342,1.51259322627331,1.57512950552294,1.6962275027745,1.02159574069422,1.25871028698125,0.948929643726251,1.09376282575776,1.71689461304721,1.25431564259404,0.876220213416479,1.22658016958461,1.99647633622679,1.1668491591053,1.75499351798717,0.940815806381209,1.01281759946883,1.24708965151021,1.09731124061497,1.33096907394773,1.56902494815625,1.18635105894592,1.37642698975166,1.34419654187968,1.90166724838323,1.10647985752906,1.69911576927289,1.20658815592403,1.47519682972066,1.82759949504816,1.10984452173794,1.04886231816044,1.42030805449291,1.42635200667735,1.31901852531952,1.13502798567621,1.40795649267888,1.61609211423035,1.83155440749416,1.03852513827084,1.56119623936394,1.57927990244072,1.42846321164663,0.813750331545633,1.79252220675877,1.51341843037154,1.91162643119722,0.853171939205751,1.06771229671791,0.689356530287595,1.3073119318116,1.68708128038574,1.84087669919219,1.6214019127371,1.25938142918247,1.31677880299182,0.626762480078669,1.33834834879798,1.76854171439896,0.724443576029746,1.18349864944978,0.869964808790739,1.35819198633007,0,1.14377625782224,1.37356015228835
1.34304699938281,1.34734980055158,1.1100607338534,0.752495841119887,1.13976901087449,0.818149657468226,1.01003495403011,0.601851588919186,0.912358127109302,0.80994134055053,1.16457235938549,1.43156251528456,0.782022016548445,0.980782115592671,1.24669709983289,1.34481727249601,0.978913658643166,0.977620163187747,0.797842708028907,1.6560819752839,1.10415048353781,0.676918669552669,1.51284403267268,1.04722829435444,2.0889303096758,0.722616308462835,1.33008198199706,1.11329142330701,1.24891077393605,1.07999517835342,1.04526493317943,1.19411760252512,1.61832846290828,1.28960307911378,0.452017778247265,3.02906641264174,1.08273018097645,1.18973888432373,1.2362193203914,1.16665230690392,0.60832963121832,1.24142264694344,0.997083615160659,0.593054855975161,1.68745540294912,0.865526248574955,1.17548953405298,0.731252273252641,0.988902014105329,0.911723759993735,1.4468282721966,1.05282966777145,1.26751765610352,0.40591983122373,0.815429149004691,0.905448731368692,1.03065638603118,1.04479647038615,0.753950762724152,1.91898801606014,1.11328743424319,0.680335064280559,0.478895819355758,0.765283903296288,0.66640428018222,1.04862312069734,0.969810920840519,0.675805264866827,0.744247181998113,0.785432181618467,1.39085291343916,0.995726515233402,0.784331552504232,1.35337054128551,1.13945737967493,0.964995643482636,1.40231300744757,0.823786446271519,1.07937967172643,1.03617823751983,0.89260633489411,0.911472307440971,1.14986044088053,0.919751065450061,1.03874325629343,0.750009948005576,0.949939501963769,0.850959533466785,1.07078392867739,1.26633054246298,1.23505405551155,1.31357660440705,1.48508950085397,0.909861694790389,0.930533552273169,0.650140145598927,0.979835262504894,0.938872224230903,1.04103935543502,0.77687789432966,0.893368911298089,0.986584090334715,0.962519559126659,1.00049069866044,1.58912193051249,1.35266008312613,2.0065540205035,1.56814288631893,0.827339636038114,1.03194565080443,0.892914714673316,0.907201926297541,0.986589740844955,1.62937512934055,0.75700770567836,1.39846135071097,0.968312279175666,1.0947979991571,1.48195713156076,1.66669980254515,1.37996792009452,1.22425442349477,1.0021489882126,1.32537871156497,1.30466136312486,1.46176689628324,1.04551723369102,0.873189427025004,1.07650303129071,1.14601395793664,1.08883257690607,0.992914955734745,0.982058986617007,0.988466008202619,1.53261663514867,0.862468701184226,0.938909228332761,0.97996717840808,0.721982173432743,0.960080479231708,1.23214126704555,0.724293511967792,1.22180479904743,0.987939072112975,0.930878215445207,0.901342647972891,2.22163512885615,1.38588877747127,1.36041118527548,0.751422282130999,1.26764708877492,1.46296425055141,1.02706057712216,0.821205816876119,1.05465771061166,0.83954503163764,0.960548129784806,0.988852015302614,0.958495704559011,1.01109275815605,1.71963458872857,1.14181172673275,1.04064696800834,1.36049999095592,0.971142913675036,0.847569812476857,1.41125919504895,0.895340527952237,1.1860954184339,0.93386317290844,0.849374381305933,0.826584031353862,0.908345569900784,0.983535770299152,1.55043912646078,1.16400300904564,1.25943617263562,0.714800399748814,0.888097173537357,1.44374642307754,1.30837947636592,0.978828414378768,1.05038354534735,0.956507567753252,0.926498904775312,1.14377625782224,0,1.00597653990626
1.96693199285474,0.886309337422386,1.61394655751294,0.624280363596381,0.967624591051183,0.860068629519166,0.449211611162918,1.21464713400025,0.897638533116276,0.93655617599589,0.687487307676766,1.14390458273025,0.922428427299231,0.796387156563331,1.85935480399998,1.91032899192377,0.762619998560591,1.46733627887972,0.935752644943831,1.38974747496262,0.925639650551405,0.831413486639874,1.81038424627974,1.49047113581514,2.08703383924472,1.22207747414116,0.868904830278744,0.700161214608117,0.791056808711898,0.816049783107601,0.989216373891531,0.815502172373301,1.96877876706644,1.09394605402575,1.12434940510138,3.72182159454303,0.932916947611627,0.861717586009607,1.28235984534905,0.862167356796698,0.901751315751748,0.794142853870345,0.672667720703112,1.02889964718906,0.945611496010251,1.20944820968952,0.809456474950539,1.22239111949755,1.05635153486386,0.897726583379193,1.00984774168418,0.793865364819913,0.607222626041496,0.898122133678141,1.23073136549694,0.7174896861935,1.14505099283071,0.899922466295921,1.30640215646648,1.232899552334,0.896810384496804,0.894696908269314,0.878045748098508,1.07279205508506,1.23689566319785,1.472968946894,0.884221308514752,0.932355527243753,0.945066511695722,0.964091199963117,0.923186356027266,0.583737941688211,1.3030169483063,0.753094373744284,1.46796093957619,0.403464865768137,1.29262081109927,0.696154565290004,1.06070318029319,1.32702348879037,0.784346441015953,0.974298265788973,1.61170767846997,1.01462701526802,0.664898657957807,1.18550713756463,0.857011618448749,0.719393734143783,1.23456748488043,1.93616417653855,1.9539465797154,1.86489889835783,1.52901154034527,1.13309167340624,0.913246265101662,1.19266005177006,0.798160041735008,1.15179356704563,1.17391059981777,0.94415815136599,1.40203266054272,1.26521789388824,1.36878358673072,1.17199551225181,1.31414779505338,1.08344882087761,1.70931530446361,1.04580647186806,0.870411065006196,1.63483539829201,1.49671987920473,1.49656847968434,1.23406991408734,2.22049996832254,0.746215470709576,2.02978161729122,0.754968553343399,1.63296993901011,1.97903862069698,2.10787643547845,1.77465141781507,1.36208772703456,0.791745621838767,0.580282130630039,0.774067074913426,1.02983153772312,1.3694808931268,0.820009176534456,1.22211900936653,1.65631556611128,0.92835852305912,1.58980303582634,0.807923554688522,0.836304304380174,1.43272702026131,0.693669125092668,1.206479714953,1.16773106305833,1.38217435531102,0.71862073866916,0.824601969611637,1.1870962043739,0.863406644033225,0.754749812958178,0.310602054902378,0.58625508722479,2.64349053070026,1.45372129813151,0.820250578408633,0.589924017876521,1.43922538824986,1.6283673202066,0.580529087082417,0.714375850904417,0.699265873276021,0.771308111541132,0.745604610157565,1.4677590866686,0.515521219223007,0.574784074790885,2.43797278597527,0.945342603367911,0.669940393464198,0.678096256228085,0.349951256569807,1.16038637841101,0.996838197587223,0.867392906047816,1.27154442882721,0.863783239823297,1.20872201434537,1.05791487614801,0.661332032702556,0.912288898126648,0.824938750088992,0.932129613847308,1.66668679403836,0.792155466945555,1.01872517139414,1.2059095762711,0.899816251988658,1.27755098539604,1.36124190423443,0.996831497720177,0.844935157027654,1.37356015228835,1.00597653990626,0
